{
  "task": "arrange topple dominoes",
  "instruction": "arrange topple dominoes",
  "right_hand_xyzrpy": [
    [
      0.21544723212718964,
      1.201841115951538,
      -0.1403178721666336,
      0.3418642537452462,
      -1.1392031784275176,
      -1.2012233094986153
    ],
    [
      0.21544723212718964,
      1.201841115951538,
      -0.1403178721666336,
      0.3418642537452462,
      -1.1392031784275176,
      -1.2012233094986153
    ],
    [
      0.21533414721488953,
      1.2017942667007446,
      -0.14021866023540497,
      0.3373419946022523,
      -1.140899896996503,
      -1.1980446068812196
    ],
    [
      0.21523259580135345,
      1.20179283618927,
      -0.14017216861248016,
      0.33531050679494956,
      -1.1426376574952843,
      -1.1968200000449003
    ],
    [
      0.21515370905399323,
      1.2017760276794434,
      -0.1401548534631729,
      0.3240962599744997,
      -1.1569159301699372,
      -1.187633028982483
    ],
    [
      0.2150944620370865,
      1.2017462253570557,
      -0.14025229215621948,
      0.3114250729604965,
      -1.172845996882267,
      -1.176638574386476
    ],
    [
      0.2149398773908615,
      1.2018346786499023,
      -0.13995954394340515,
      0.298796375592691,
      -1.1802096049842652,
      -1.164575838024472
    ],
    [
      0.21497943997383118,
      1.2016105651855469,
      -0.14027242362499237,
      0.29941571913959375,
      -1.1849238116513885,
      -1.1658153573279235
    ],
    [
      0.21487271785736084,
      1.2015821933746338,
      -0.14013925194740295,
      0.2975646719014409,
      -1.1869397738360135,
      -1.1640065528874548
    ],
    [
      0.21471230685710907,
      1.2015506029129028,
      -0.14019355177879333,
      0.2954302929666357,
      -1.1877964766659534,
      -1.1619907160676157
    ],
    [
      0.21419605612754822,
      1.2016798257827759,
      -0.13998396694660187,
      0.2875178342523418,
      -1.1876956873816225,
      -1.154070754669339
    ],
    [
      0.21293878555297852,
      1.2011431455612183,
      -0.14052459597587585,
      0.2891986063556156,
      -1.19140852821661,
      -1.1564883889133688
    ],
    [
      0.2109736204147339,
      1.200574278831482,
      -0.1406872272491455,
      0.2864988805348209,
      -1.1935167925000876,
      -1.154150613685158
    ],
    [
      0.20879565179347992,
      1.1998485326766968,
      -0.1410112828016281,
      0.2864990610561615,
      -1.1945119581080925,
      -1.1549735936400145
    ],
    [
      0.20593193173408508,
      1.198940634727478,
      -0.14132733643054962,
      0.2842660651279329,
      -1.1951671564389685,
      -1.153101301490472
    ],
    [
      0.20300880074501038,
      1.1980582475662231,
      -0.14137983322143555,
      0.28166568266402053,
      -1.1956805816296598,
      -1.150156104769238
    ],
    [
      0.19992589950561523,
      1.1972087621688843,
      -0.14149102568626404,
      0.2802550643891897,
      -1.1962046140499583,
      -1.1478266959550132
    ],
    [
      0.19685442745685577,
      1.1962683200836182,
      -0.14166343212127686,
      0.2788625672633053,
      -1.1965445746731052,
      -1.1455089482476284
    ],
    [
      0.19456066191196442,
      1.195520281791687,
      -0.14159470796585083,
      0.2818093686544972,
      -1.1961220313938694,
      -1.1446664712752008
    ],
    [
      0.19326460361480713,
      1.1951996088027954,
      -0.1413281261920929,
      0.28774326147464213,
      -1.1955439497570841,
      -1.1466040130219068
    ],
    [
      0.19263988733291626,
      1.195059061050415,
      -0.1412700116634369,
      0.2944897922611177,
      -1.1957861784910653,
      -1.1506224956971343
    ],
    [
      0.19228585064411163,
      1.1949470043182373,
      -0.14125336706638336,
      0.3002286709684716,
      -1.196206894684995,
      -1.1551969049344541
    ],
    [
      0.1921379417181015,
      1.1949397325515747,
      -0.14122289419174194,
      0.30482106099890927,
      -1.1968114036983672,
      -1.1589585962392481
    ],
    [
      0.19201108813285828,
      1.1949831247329712,
      -0.14120040833950043,
      0.30766042813421557,
      -1.1977997292276907,
      -1.16067765695799
    ],
    [
      0.1918974220752716,
      1.1949584484100342,
      -0.14117589592933655,
      0.30949128614633803,
      -1.1985692454685068,
      -1.161603750295824
    ],
    [
      0.19177888333797455,
      1.1949687004089355,
      -0.14108212292194366,
      0.31143187947323187,
      -1.1992343787013195,
      -1.1628355961467365
    ],
    [
      0.19171759486198425,
      1.1949689388275146,
      -0.1410893052816391,
      0.31408643072761655,
      -1.2001049487113529,
      -1.1658291029213066
    ],
    [
      0.19173656404018402,
      1.1949948072433472,
      -0.14109928905963898,
      0.3142509734788087,
      -1.2006160031375437,
      -1.1651346767034427
    ],
    [
      0.19169484078884125,
      1.1949774026870728,
      -0.14106658101081848,
      0.31332627049625245,
      -1.2011430739587297,
      -1.163370991518706
    ],
    [
      0.19169268012046814,
      1.1950494050979614,
      -0.1410507708787918,
      0.3130667453440548,
      -1.2017067130946704,
      -1.1625986207881036
    ],
    [
      0.19164705276489258,
      1.1950198411941528,
      -0.14100487530231476,
      0.31201648183481795,
      -1.2024027363648528,
      -1.1608252782598378
    ],
    [
      0.1916842758655548,
      1.195051670074463,
      -0.14097969233989716,
      0.31227019971502384,
      -1.2029087149260276,
      -1.1609253933390709
    ],
    [
      0.19164732098579407,
      1.1949788331985474,
      -0.14093245565891266,
      0.31120020032556805,
      -1.203386816248283,
      -1.159314527081784
    ],
    [
      0.19169077277183533,
      1.1950327157974243,
      -0.14094747602939606,
      0.3111662281916073,
      -1.2037706555064873,
      -1.1589525760606023
    ],
    [
      0.19164077937602997,
      1.1950302124023438,
      -0.14089852571487427,
      0.3100788648121101,
      -1.2041000133660846,
      -1.157732768359538
    ],
    [
      0.19159799814224243,
      1.195068120956421,
      -0.14088225364685059,
      0.30835578188396684,
      -1.204452616219245,
      -1.1553722934588257
    ],
    [
      0.1915702223777771,
      1.1951138973236084,
      -0.1408967226743698,
      0.3077680963411607,
      -1.2048062096356518,
      -1.1548992357380163
    ],
    [
      0.19156774878501892,
      1.1951234340667725,
      -0.14089296758174896,
      0.3065535607476662,
      -1.2054297881347202,
      -1.1530176954282718
    ],
    [
      0.1915281116962433,
      1.1950960159301758,
      -0.14088478684425354,
      0.30715432317941516,
      -1.2060136154500654,
      -1.1539182536468942
    ],
    [
      0.1915208399295807,
      1.1950496435165405,
      -0.14084909856319427,
      0.30734820116665545,
      -1.2064895846323043,
      -1.153798796284691
    ],
    [
      0.1914888620376587,
      1.1950771808624268,
      -0.14078761637210846,
      0.3089114270735263,
      -1.2068738693268628,
      -1.155714322835756
    ],
    [
      0.19149571657180786,
      1.195060133934021,
      -0.14070762693881989,
      0.3101447317060128,
      -1.2076118923390866,
      -1.15687017078675
    ],
    [
      0.19149941205978394,
      1.195072889328003,
      -0.14069248735904694,
      0.31092380427527083,
      -1.2083034435642162,
      -1.1572736108471853
    ],
    [
      0.19150866568088531,
      1.1950734853744507,
      -0.14067508280277252,
      0.31235674081442966,
      -1.2091023615344574,
      -1.1581958510774935
    ],
    [
      0.19153890013694763,
      1.1951056718826294,
      -0.14063698053359985,
      0.3127436642205335,
      -1.209701140477446,
      -1.1585776935353136
    ],
    [
      0.19157171249389648,
      1.1951265335083008,
      -0.1406102180480957,
      0.3130422774104569,
      -1.2101275395937254,
      -1.1587727169249755
    ],
    [
      0.19161175191402435,
      1.1951407194137573,
      -0.14050360023975372,
      0.31232879625275234,
      -1.2101489904399902,
      -1.1575059014669002
    ],
    [
      0.19164471328258514,
      1.1951427459716797,
      -0.14040952920913696,
      0.31268097810150985,
      -1.2100929167857286,
      -1.1572515590088703
    ],
    [
      0.19168402254581451,
      1.1950786113739014,
      -0.14051172137260437,
      0.31572547271720913,
      -1.2104665043096547,
      -1.159678572655779
    ],
    [
      0.19172759354114532,
      1.1950527429580688,
      -0.14053180813789368,
      0.3199818265624264,
      -1.2103948333170593,
      -1.1635904833956316
    ],
    [
      0.19176265597343445,
      1.1951725482940674,
      -0.14034129679203033,
      0.32138374102218337,
      -1.2100130431125606,
      -1.1646614378454467
    ],
    [
      0.19174034893512726,
      1.1953474283218384,
      -0.14034375548362732,
      0.34949535618227373,
      -1.2111091096990652,
      -1.1882459083612118
    ],
    [
      0.19175341725349426,
      1.195486068725586,
      -0.14038795232772827,
      0.41613867625142803,
      -1.2144636378249878,
      -1.2502585548956748
    ],
    [
      0.19174884259700775,
      1.1955299377441406,
      -0.1404566764831543,
      0.5090550820349783,
      -1.2147899630267627,
      -1.3420941005510247
    ],
    [
      0.19187964498996735,
      1.1955949068069458,
      -0.14031873643398285,
      0.5989101770496308,
      -1.211358630725089,
      -1.43109968229925
    ],
    [
      0.1919485479593277,
      1.1956760883331299,
      -0.14020051062107086,
      0.6762160514539474,
      -1.2070678325436415,
      -1.5114455078387878
    ],
    [
      0.1920013278722763,
      1.1957513093948364,
      -0.14018355309963226,
      0.7410254933510014,
      -1.1999820600687603,
      -1.579701539329825
    ],
    [
      0.19210322201251984,
      1.195839524269104,
      -0.14026576280593872,
      0.7934550136438842,
      -1.1902421273681703,
      -1.6346888586785286
    ],
    [
      0.19222353398799896,
      1.1959240436553955,
      -0.14023983478546143,
      0.8288983884059631,
      -1.1819700524445411,
      -1.673015448253499
    ],
    [
      0.19238759577274323,
      1.1959373950958252,
      -0.14021135866641998,
      0.8499523836530012,
      -1.177881507402261,
      -1.6969074466324632
    ],
    [
      0.19258247315883636,
      1.1959869861602783,
      -0.14021064341068268,
      0.8627417062758392,
      -1.1776101019110319,
      -1.7119873619810473
    ],
    [
      0.19281338155269623,
      1.196118950843811,
      -0.1401052474975586,
      0.8710687297311434,
      -1.1780893834776007,
      -1.7226950408914319
    ],
    [
      0.19299347698688507,
      1.1961926221847534,
      -0.13995923101902008,
      0.8766301791056121,
      -1.1785768609909155,
      -1.7302072501810257
    ],
    [
      0.19310738146305084,
      1.1961519718170166,
      -0.14011868834495544,
      0.8827404845792574,
      -1.1792416784572277,
      -1.7370480735174016
    ],
    [
      0.19324254989624023,
      1.1961467266082764,
      -0.1401561051607132,
      0.8869379143237104,
      -1.1795713627045463,
      -1.742240223273858
    ],
    [
      0.1933511197566986,
      1.1961936950683594,
      -0.1400734782218933,
      0.8861363537762215,
      -1.1799440199173636,
      -1.7419968539659865
    ],
    [
      0.19346128404140472,
      1.1962356567382812,
      -0.13997845351696014,
      0.8714394788509517,
      -1.184531248316826,
      -1.729975982780549
    ],
    [
      0.1935545951128006,
      1.1963633298873901,
      -0.13975754380226135,
      0.8433088081970898,
      -1.190823616337384,
      -1.705671961131406
    ],
    [
      0.19438479840755463,
      1.1965327262878418,
      -0.13971655070781708,
      0.8170836938868162,
      -1.199214350731476,
      -1.6842683660546571
    ],
    [
      0.19562511146068573,
      1.1966791152954102,
      -0.13983891904354095,
      0.777326454729547,
      -1.2101782128472391,
      -1.6569243005756082
    ],
    [
      0.19694432616233826,
      1.1966919898986816,
      -0.1401670128107071,
      0.7410279484134531,
      -1.2174662400577467,
      -1.6318927960497096
    ],
    [
      0.19818519055843353,
      1.1967082023620605,
      -0.14037629961967468,
      0.7275387291927246,
      -1.2208201577722857,
      -1.6247124844556995
    ],
    [
      0.19934295117855072,
      1.196677327156067,
      -0.14061570167541504,
      0.7296252903505689,
      -1.2240971103716498,
      -1.6268986440576145
    ],
    [
      0.20012804865837097,
      1.1965851783752441,
      -0.14075897634029388,
      0.7273465615783147,
      -1.2262061233468913,
      -1.6230139521688915
    ],
    [
      0.20048320293426514,
      1.196516513824463,
      -0.14074701070785522,
      0.7179010086528196,
      -1.2269382294973141,
      -1.611557716359418
    ]
  ],
  "left_hand_xyzrpy": [
    [
      -0.16683119535446167,
      1.188284993171692,
      -0.04384820535778999,
      1.921408097507212,
      1.5288138329652263,
      -0.9066845925648158
    ],
    [
      -0.16683119535446167,
      1.188284993171692,
      -0.04384820535778999,
      1.921408097507212,
      1.5288138329652263,
      -0.9066845925648158
    ],
    [
      -0.166847363114357,
      1.1882067918777466,
      -0.04389571025967598,
      1.9355122782550875,
      1.529860760903519,
      -0.8914252859972713
    ],
    [
      -0.1668492704629898,
      1.1881617307662964,
      -0.043990448117256165,
      1.9526693362625933,
      1.5304239157303376,
      -0.8734604378316064
    ],
    [
      -0.16682623326778412,
      1.1881614923477173,
      -0.04407305270433426,
      1.9659363471090883,
      1.5313864241687436,
      -0.8588949025829944
    ],
    [
      -0.166782408952713,
      1.188226580619812,
      -0.04409867525100708,
      1.9806317669107216,
      1.5322970676680894,
      -0.8427374748720309
    ],
    [
      -0.16679295897483826,
      1.1881977319717407,
      -0.044449299573898315,
      1.9283603538934173,
      1.5344001643418486,
      -0.8930674339211206
    ],
    [
      -0.1667400449514389,
      1.188230037689209,
      -0.044071320444345474,
      1.9812214937498447,
      1.5357163541535799,
      -0.8370389885108277
    ],
    [
      -0.16674000024795532,
      1.1881755590438843,
      -0.04420836642384529,
      1.9678780105050644,
      1.537029094392949,
      -0.8480674696478676
    ],
    [
      -0.16675184667110443,
      1.1881810426712036,
      -0.04434213787317276,
      1.9812851064779688,
      1.538596128398506,
      -0.8322047171671967
    ],
    [
      -0.16682016849517822,
      1.188136339187622,
      -0.04467016085982323,
      1.9162435247265892,
      1.541014072450381,
      -0.8949456161427003
    ],
    [
      -0.16677235066890717,
      1.1882498264312744,
      -0.04434607923030853,
      1.9665369521529736,
      1.540914157822248,
      -0.8430359625909897
    ],
    [
      -0.1667434275150299,
      1.1882888078689575,
      -0.04444391652941704,
      2.8061744933873825,
      1.5439400509544448,
      0.037599903844547554
    ],
    [
      -0.16672267019748688,
      1.1883007287979126,
      -0.044285956770181656,
      -2.778844007608484,
      1.5039588914727307,
      0.7878440365278575
    ],
    [
      -0.16666629910469055,
      1.188408613204956,
      -0.044330764561891556,
      -2.6564746444632674,
      1.4457143254316034,
      0.9439314692224016
    ],
    [
      -0.16436032950878143,
      1.1904038190841675,
      -0.04564463347196579,
      -2.6786157394090453,
      1.3969797111377806,
      0.9443836841457622
    ],
    [
      -0.15947136282920837,
      1.1946532726287842,
      -0.048656169325113297,
      -2.7756741782683148,
      1.363293414242352,
      0.8795721892201529
    ],
    [
      -0.15286554396152496,
      1.1999074220657349,
      -0.05363120138645172,
      -2.8992447898412923,
      1.345676860928341,
      0.7923246123645392
    ],
    [
      -0.14571309089660645,
      1.2041057348251343,
      -0.05934751406311989,
      -3.02260782558554,
      1.344572996109425,
      0.6960221906923889
    ],
    [
      -0.13983134925365448,
      1.2062454223632812,
      -0.06525727361440659,
      -3.1292775800898593,
      1.3527037131805302,
      0.6047154050177076
    ],
    [
      -0.13493673503398895,
      1.207754373550415,
      -0.07010330259799957,
      3.0671934332223523,
      1.3582349512805718,
      0.5236080800582195
    ],
    [
      -0.1302410364151001,
      1.2094990015029907,
      -0.07414522767066956,
      3.004313294358985,
      1.360967120038162,
      0.4614854155171149
    ],
    [
      -0.12614797055721283,
      1.2114667892456055,
      -0.07757797837257385,
      2.9585634692942877,
      1.3629687592884505,
      0.4126988158233185
    ],
    [
      -0.12303446233272552,
      1.2131551504135132,
      -0.08182824403047562,
      2.9197589539950846,
      1.3678009570950185,
      0.368786573430865
    ],
    [
      -0.12100894004106522,
      1.2141720056533813,
      -0.08621539920568466,
      2.8932301312344877,
      1.3718805953299522,
      0.338127535519272
    ],
    [
      -0.11947548389434814,
      1.214388370513916,
      -0.09076230973005295,
      2.8867542016830017,
      1.3732355601746276,
      0.33327197676155856
    ],
    [
      -0.11842584609985352,
      1.214045524597168,
      -0.09438243508338928,
      2.875455328722662,
      1.3736867214372783,
      0.31972379121433164
    ],
    [
      -0.1176304966211319,
      1.2137384414672852,
      -0.0976649820804596,
      2.8693037977292706,
      1.3737390782937775,
      0.31114400553813526
    ],
    [
      -0.1172579824924469,
      1.2125707864761353,
      -0.10116074979305267,
      2.8590205730221276,
      1.3749912101056194,
      0.29876600782581575
    ],
    [
      -0.1170627623796463,
      1.2111011743545532,
      -0.10474459826946259,
      2.849402949926146,
      1.3759740031446335,
      0.28725895267464074
    ],
    [
      -0.11713840067386627,
      1.209384799003601,
      -0.10820936411619186,
      2.846763023449931,
      1.3758856591796267,
      0.2842084015272299
    ],
    [
      -0.11723840981721878,
      1.2079050540924072,
      -0.11058858782052994,
      2.8484325745767975,
      1.373746689444911,
      0.28442832224993697
    ],
    [
      -0.11715494841337204,
      1.2069182395935059,
      -0.11209045350551605,
      2.85734473943435,
      1.3704229453022134,
      0.2929054661188144
    ],
    [
      -0.11718642711639404,
      1.2064348459243774,
      -0.11278165131807327,
      2.8679461393808925,
      1.3670148413961503,
      0.3026792682883834
    ],
    [
      -0.11714161187410355,
      1.2059378623962402,
      -0.11335962265729904,
      2.873699576112967,
      1.364251504480538,
      0.30745809169434307
    ],
    [
      -0.11703749001026154,
      1.2057199478149414,
      -0.11355466395616531,
      2.8803820053469735,
      1.3619422896987652,
      0.3136642622575146
    ],
    [
      -0.11694318056106567,
      1.2055257558822632,
      -0.1137380450963974,
      2.8848120278723592,
      1.3601565464326681,
      0.31747074638867695
    ],
    [
      -0.11686665564775467,
      1.205392837524414,
      -0.11384328454732895,
      2.8895111101161044,
      1.3590005644763776,
      0.3217951955620592
    ],
    [
      -0.11681050807237625,
      1.2052428722381592,
      -0.113985575735569,
      2.894123650613737,
      1.35791507701913,
      0.32598132905123756
    ],
    [
      -0.11673113703727722,
      1.2051247358322144,
      -0.11410729587078094,
      2.9003592931954123,
      1.3563941787578093,
      0.3317088915720594
    ],
    [
      -0.11665854603052139,
      1.2050554752349854,
      -0.11424066871404648,
      2.915031756222313,
      1.3516854052842646,
      0.3405883707672123
    ],
    [
      -0.11656534671783447,
      1.2049480676651,
      -0.11446041613817215,
      2.932870798538172,
      1.3467283914385253,
      0.3536149959745301
    ],
    [
      -0.11649899184703827,
      1.2049219608306885,
      -0.11449099332094193,
      2.943112752455605,
      1.3438661558683547,
      0.3606975643967168
    ],
    [
      -0.11642081290483475,
      1.2049205303192139,
      -0.11449260264635086,
      2.9484408454503237,
      1.3418687865031043,
      0.36393596002677703
    ],
    [
      -0.11637350916862488,
      1.20499587059021,
      -0.11429961770772934,
      2.953543118498712,
      1.3407002844128415,
      0.3669916432795698
    ],
    [
      -0.11672009527683258,
      1.2056878805160522,
      -0.10979695618152618,
      3.0919953732570065,
      1.3371754152221413,
      0.4790685905896399
    ],
    [
      -0.11920520663261414,
      1.2071372270584106,
      -0.09896587580442429,
      -2.966081429911897,
      1.332847555575154,
      0.668127898595342
    ],
    [
      -0.12501341104507446,
      1.2076116800308228,
      -0.08412814140319824,
      -2.7511372519759263,
      1.3347062152541227,
      0.8582636695478431
    ],
    [
      -0.13330447673797607,
      1.2067046165466309,
      -0.0692439153790474,
      -2.5495822840027915,
      1.3558298568593534,
      1.0436343692403867
    ],
    [
      -0.14270152151584625,
      1.2051366567611694,
      -0.05596068128943443,
      -2.28436590143591,
      1.4050057310399942,
      1.2976659881631294
    ],
    [
      -0.15180040895938873,
      1.202734351158142,
      -0.04459240660071373,
      -1.7048489075946007,
      1.4564454474501372,
      1.8709535415910863
    ],
    [
      -0.16060753166675568,
      1.1992360353469849,
      -0.03606918454170227,
      -0.8745886544887066,
      1.445802265754161,
      2.684556693169338
    ],
    [
      -0.16873866319656372,
      1.1960035562515259,
      -0.02981646917760372,
      -0.4550430850146953,
      1.4011908316335266,
      3.077793699366962
    ],
    [
      -0.17566755414009094,
      1.1921364068984985,
      -0.02724563702940941,
      -0.2393725245196544,
      1.3568105927446923,
      -3.013541114267409
    ],
    [
      -0.1800726056098938,
      1.1883983612060547,
      -0.027753634378314018,
      -0.1414276422693969,
      1.3248098148406906,
      -2.932746043454132
    ],
    [
      -0.18032805621623993,
      1.1861727237701416,
      -0.029098225757479668,
      -0.10687928301342456,
      1.316123536158474,
      -2.909673214184272
    ],
    [
      -0.1778402030467987,
      1.1856825351715088,
      -0.030617697164416313,
      -0.10422630116051279,
      1.3189761590329572,
      -2.9109355482963437
    ],
    [
      -0.17622022330760956,
      1.1852470636367798,
      -0.032144349068403244,
      -0.10270940650771093,
      1.319319902155714,
      -2.911016960393711
    ],
    [
      -0.17593666911125183,
      1.1848872900009155,
      -0.03293680399656296,
      -0.10490053644482393,
      1.3178252358132643,
      -2.913570705233311
    ],
    [
      -0.17598098516464233,
      1.184860348701477,
      -0.03303851932287216,
      -0.11028741154694315,
      1.3174984619286974,
      -2.9188454903338874
    ],
    [
      -0.17603221535682678,
      1.184842586517334,
      -0.033014606684446335,
      -0.11000461604192403,
      1.3179274225044286,
      -2.91984355221242
    ],
    [
      -0.17601576447486877,
      1.1847227811813354,
      -0.0331038236618042,
      -0.10555335097506255,
      1.3188838384061332,
      -2.917405318077841
    ],
    [
      -0.17602673172950745,
      1.1845449209213257,
      -0.03320421651005745,
      -0.1016854960400918,
      1.319875026758633,
      -2.915333548090896
    ],
    [
      -0.17602016031742096,
      1.184476375579834,
      -0.03311999514698982,
      -0.09902985099190156,
      1.3220434893016535,
      -2.9138897668256973
    ],
    [
      -0.17601357400417328,
      1.1845083236694336,
      -0.033120427280664444,
      -0.09544288726828769,
      1.3237872912727209,
      -2.9118762721318885
    ],
    [
      -0.17602166533470154,
      1.184523344039917,
      -0.03319516032934189,
      -0.09229586770182165,
      1.3245485368466914,
      -2.9100429908237455
    ],
    [
      -0.17604181170463562,
      1.1844764947891235,
      -0.03329561650753021,
      -0.08849078014542217,
      1.3246145646125984,
      -2.907561825440946
    ],
    [
      -0.1761070042848587,
      1.1843852996826172,
      -0.03354734927415848,
      -0.08711962192916248,
      1.322976816539458,
      -2.9071611145105583
    ],
    [
      -0.17609171569347382,
      1.1843522787094116,
      -0.033615030348300934,
      -0.08641518487039154,
      1.322091430224269,
      -2.907204063510952
    ],
    [
      -0.17605465650558472,
      1.1843914985656738,
      -0.03367719426751137,
      -0.08408975096558821,
      1.320911516522704,
      -2.9055557339648095
    ],
    [
      -0.17597544193267822,
      1.1844886541366577,
      -0.0335526205599308,
      -0.08629068770139249,
      1.3208351217411785,
      -2.9072888277981286
    ],
    [
      -0.17601463198661804,
      1.1845121383666992,
      -0.03348279371857643,
      -0.08265719760087122,
      1.321857864106364,
      -2.9049031604473843
    ],
    [
      -0.1760464757680893,
      1.1845811605453491,
      -0.0333348885178566,
      -0.07701753713905979,
      1.3245509820101893,
      -2.900961197535044
    ],
    [
      -0.17605488002300262,
      1.184598445892334,
      -0.03331514820456505,
      -0.0747534427121657,
      1.3271731762621473,
      -2.8997202065803154
    ],
    [
      -0.1760072112083435,
      1.1846271753311157,
      -0.03334149345755577,
      -0.076321131715666,
      1.3293833968261268,
      -2.9019097323409824
    ]
  ],
  "instrinsic": [
    [
      736.6339111328125,
      0.0,
      960.0
    ],
    [
      0.0,
      736.6339111328125,
      540.0
    ],
    [
      0.0,
      0.0,
      1.0
    ]
  ],
  "extrinsics": [
    [
      [
        0.9263070821762085,
        0.08883144706487656,
        -0.366148442029953,
        -0.032700806856155396
      ],
      [
        -0.06746483594179153,
        -0.9169961214065552,
        -0.3931499421596527,
        1.46356201171875
      ],
      [
        -0.3706807494163513,
        0.3888796269893646,
        -0.8434268236160278,
        0.08813195675611496
      ],
      [
        0.0,
        0.0,
        0.0,
        1.0000001192092896
      ]
    ],
    [
      [
        0.9263070821762085,
        0.08883144706487656,
        -0.366148442029953,
        -0.032700806856155396
      ],
      [
        -0.06746483594179153,
        -0.9169961214065552,
        -0.3931499421596527,
        1.46356201171875
      ],
      [
        -0.3706807494163513,
        0.3888796269893646,
        -0.8434268236160278,
        0.08813195675611496
      ],
      [
        0.0,
        0.0,
        0.0,
        1.0000001192092896
      ]
    ],
    [
      [
        0.9264542460441589,
        0.08889787644147873,
        -0.3657592833042145,
        -0.03227652236819267
      ],
      [
        -0.06722542643547058,
        -0.9170097708702087,
        -0.39315885305404663,
        1.463521957397461
      ],
      [
        -0.37035584449768066,
        0.3888320028781891,
        -0.8435913324356079,
        0.08809852600097656
      ],
      [
        0.0,
        0.0,
        0.0,
        1.0
      ]
    ],
    [
      [
        0.9268762469291687,
        0.08846817165613174,
        -0.36479300260543823,
        -0.03167178854346275
      ],
      [
        -0.06714079529047012,
        -0.917083740234375,
        -0.3930007517337799,
        1.463499665260315
      ],
      [
        -0.3693138062953949,
        0.38875555992126465,
        -0.844083309173584,
        0.08802884072065353
      ],
      [
        0.0,
        0.0,
        0.0,
        1.0
      ]
    ],
    [
      [
        0.9275833964347839,
        0.0876484364271164,
        -0.36319002509117126,
        -0.0309365876019001
      ],
      [
        -0.06778866052627563,
        -0.916476309299469,
        -0.39430421590805054,
        1.4633277654647827
      ],
      [
        -0.36741524934768677,
        0.39037024974823,
        -0.84416663646698,
        0.08803587406873703
      ],
      [
        0.0,
        0.0,
        0.0,
        0.9999999403953552
      ]
    ],
    [
      [
        0.9282746315002441,
        0.08733971416950226,
        -0.3614944517612457,
        -0.030059102922677994
      ],
      [
        -0.06847301125526428,
        -0.9152749180793762,
        -0.39696767926216125,
        1.4630489349365234
      ],
      [
        -0.3655378222465515,
        0.3932476043701172,
        -0.8436459898948669,
        0.08811403810977936
      ],
      [
        0.0,
        0.0,
        0.0,
        1.0
      ]
    ],
    [
      [
        0.9287415742874146,
        0.0871872752904892,
        -0.3603300452232361,
        -0.029086241498589516
      ],
      [
        -0.06915439665317535,
        -0.914149284362793,
        -0.3994358479976654,
        1.4628537893295288
      ],
      [
        -0.36422112584114075,
        0.3958909511566162,
        -0.8429788947105408,
        0.08820925652980804
      ],
      [
        0.0,
        0.0,
        0.0,
        1.0
      ]
    ],
    [
      [
        0.9291208982467651,
        0.08644077926874161,
        -0.3595307469367981,
        -0.028196221217513084
      ],
      [
        -0.07002931833267212,
        -0.9135645627975464,
        -0.400619238615036,
        1.4628249406814575
      ],
      [
        -0.3630844056606293,
        0.3974014222621918,
        -0.8427585959434509,
        0.08824446052312851
      ],
      [
        0.0,
        0.0,
        0.0,
        1.0
      ]
    ],
    [
      [
        0.9297411441802979,
        0.08703751862049103,
        -0.3577794134616852,
        -0.027095410972833633
      ],
      [
        -0.06973441690206528,
        -0.9124558568000793,
        -0.4031893014907837,
        1.4624865055084229
      ],
      [
        -0.3615504503250122,
        0.3998112976551056,
        -0.8422781825065613,
        0.08833284676074982
      ],
      [
        0.0,
        0.0,
        0.0,
        1.0
      ]
    ],
    [
      [
        0.9310083985328674,
        0.08894456923007965,
        -0.35399502515792847,
        -0.0255475714802742
      ],
      [
        -0.06879355013370514,
        -0.9097121953964233,
        -0.4095010757446289,
        1.4616047143936157
      ],
      [
        -0.35845646262168884,
        0.40560150146484375,
        -0.84083092212677,
        0.08862470835447311
      ],
      [
        0.0,
        0.0,
        0.0,
        1.0
      ]
    ],
    [
      [
        0.9326520562171936,
        0.09119924157857895,
        -0.34906044602394104,
        -0.023782877251505852
      ],
      [
        -0.06750807166099548,
        -0.9063182473182678,
        -0.41716867685317993,
        1.4605686664581299
      ],
      [
        -0.35440537333488464,
        0.4126375913619995,
        -0.8391228914260864,
        0.0889788344502449
      ],
      [
        0.0,
        0.0,
        0.0,
        1.0
      ]
    ],
    [
      [
        0.9339072704315186,
        0.0922732725739479,
        -0.3454025685787201,
        -0.022053882479667664
      ],
      [
        -0.06731513887643814,
        -0.9034554958343506,
        -0.42336371541023254,
        1.4597564935684204
      ],
      [
        -0.3511210083961487,
        0.4186333119869232,
        -0.8375323414802551,
        0.08921261131763458
      ],
      [
        0.0,
        0.0,
        0.0,
        1.0
      ]
    ],
    [
      [
        0.9348587989807129,
        0.08935846388339996,
        -0.3435903489589691,
        -0.020535819232463837
      ],
      [
        -0.07002883404493332,
        -0.902376115322113,
        -0.4252215623855591,
        1.4595540761947632
      ],
      [
        -0.34804490208625793,
        0.4215833246707916,
        -0.8373365998268127,
        0.08903808146715164
      ],
      [
        0.0,
        0.0,
        0.0,
        1.0
      ]
    ],
    [
      [
        0.936700701713562,
        0.08314978331327438,
        -0.3401148319244385,
        -0.019101925194263458
      ],
      [
        -0.07346238940954208,
        -0.9030971527099609,
        -0.42310604453086853,
        1.4599305391311646
      ],
      [
        -0.3423379063606262,
        0.42130932211875916,
        -0.8398234248161316,
        0.0883139818906784
      ],
      [
        0.0,
        0.0,
        0.0,
        1.0
      ]
    ],
    [
      [
        0.93865567445755,
        0.08089382946491241,
        -0.3352341055870056,
        -0.017476480454206467
      ],
      [
        -0.07336722314357758,
        -0.9030011892318726,
        -0.4233274757862091,
        1.4599754810333252
      ],
      [
        -0.3369613289833069,
        0.4219539165496826,
        -0.8416722416877747,
        0.08784865587949753
      ],
      [
        0.0,
        0.0,
        0.0,
        1.0
      ]
    ],
    [
      [
        0.9407790899276733,
        0.07908895611763,
        -0.3296659290790558,
        -0.015949998050928116
      ],
      [
        -0.0729256346821785,
        -0.9024344682693481,
        -0.4246102571487427,
        1.4598920345306396
      ],
      [
        -0.33108383417129517,
        0.4235055446624756,
        -0.8432239294052124,
        0.08752692490816116
      ],
      [
        0.0,
        0.0,
        0.0,
        1.0
      ]
    ],
    [
      [
        0.9434101581573486,
        0.0776391252875328,
        -0.3224122226238251,
        -0.014518938958644867
      ],
      [
        -0.07168927788734436,
        -0.901475727558136,
        -0.4268516004085541,
        1.459771990776062
      ],
      [
        -0.323787122964859,
        0.4258096516132355,
        -0.8448953628540039,
        0.08746892958879471
      ],
      [
        0.0,
        0.0,
        0.0,
        1.0
      ]
    ],
    [
      [
        0.9458258748054504,
        0.0773831456899643,
        -0.3153178095817566,
        -0.01332984957844019
      ],
      [
        -0.06879203021526337,
        -0.9013676047325134,
        -0.4275558292865753,
        1.4599545001983643
      ],
      [
        -0.3173029124736786,
        0.4260846674442291,
        -0.8472135663032532,
        0.08748790621757507
      ],
      [
        0.0,
        0.0,
        0.0,
        1.0000001192092896
      ]
    ],
    [
      [
        0.9480222463607788,
        0.07712850719690323,
        -0.308715283870697,
        -0.012398182414472103
      ],
      [
        -0.06550613045692444,
        -0.902094841003418,
        -0.4265371263027191,
        1.46035897731781
      ],
      [
        -0.31138861179351807,
        0.4245894253253937,
        -0.8501536250114441,
        0.08736070990562439
      ],
      [
        0.0,
        0.0,
        0.0,
        1.0
      ]
    ],
    [
      [
        0.949939489364624,
        0.076675184071064,
        -0.30287966132164,
        -0.011649159714579582
      ],
      [
        -0.06311439722776413,
        -0.9023393392562866,
        -0.4263802766799927,
        1.46060311794281
      ],
      [
        -0.305992990732193,
        0.42415153980255127,
        -0.8523285984992981,
        0.08724141120910645
      ],
      [
        0.0,
        0.0,
        0.0,
        1.0
      ]
    ],
    [
      [
        0.9515091180801392,
        0.07600497454404831,
        -0.2980836033821106,
        -0.011003282852470875
      ],
      [
        -0.06169142574071884,
        -0.9021649956703186,
        -0.4269574284553528,
        1.4606965780258179
      ],
      [
        -0.3013714849948883,
        0.42464298009872437,
        -0.8537293672561646,
        0.08701235055923462
      ],
      [
        0.0,
        0.0,
        0.0,
        1.0
      ]
    ],
    [
      [
        0.9524776935577393,
        0.07541678845882416,
        -0.29512491822242737,
        -0.0105203902348876
      ],
      [
        -0.061324164271354675,
        -0.9015530943870544,
        -0.42830055952072144,
        1.46066153049469
      ],
      [
        -0.298371821641922,
        0.4260450005531311,
        -0.854084312915802,
        0.08675982803106308
      ],
      [
        0.0,
        0.0,
        0.0,
        0.9999999403953552
      ]
    ],
    [
      [
        0.9527548551559448,
        0.07459881156682968,
        -0.2944372892379761,
        -0.010337784886360168
      ],
      [
        -0.06252595037221909,
        -0.9004408717155457,
        -0.43046101927757263,
        1.4605247974395752
      ],
      [
        -0.2972352206707001,
        0.42853376269340515,
        -0.853235125541687,
        0.08660928905010223
      ],
      [
        0.0,
        0.0,
        0.0,
        0.9999999403953552
      ]
    ],
    [
      [
        0.952293336391449,
        0.07438857108354568,
        -0.2959798574447632,
        -0.010420609265565872
      ],
      [
        -0.06448684632778168,
        -0.8988915085792542,
        -0.4333999752998352,
        1.4603354930877686
      ],
      [
        -0.29829373955726624,
        0.4318107068538666,
        -0.8512112498283386,
        0.08667636662721634
      ],
      [
        0.0,
        0.0,
        0.0,
        1.0000001192092896
      ]
    ],
    [
      [
        0.9516172409057617,
        0.07429633289575577,
        -0.2981690764427185,
        -0.010545176453888416
      ],
      [
        -0.06649111211299896,
        -0.8975562453269958,
        -0.43585750460624695,
        1.4602034091949463
      ],
      [
        -0.30000609159469604,
        0.4345950484275818,
        -0.8491899371147156,
        0.08685843646526337
      ],
      [
        0.0,
        0.0,
        0.0,
        1.0
      ]
    ],
    [
      [
        0.951162576675415,
        0.07471266388893127,
        -0.29951274394989014,
        -0.010556782595813274
      ],
      [
        -0.0673147439956665,
        -0.8967172503471375,
        -0.43745511770248413,
        1.4601422548294067
      ],
      [
        -0.30126163363456726,
        0.43625256419181824,
        -0.8478946685791016,
        0.08707547932863235
      ],
      [
        0.0,
        0.0,
        0.0,
        1.0
      ]
    ],
    [
      [
        0.9509696960449219,
        0.0754343718290329,
        -0.2999438941478729,
        -0.01044466346502304
      ],
      [
        -0.06698459386825562,
        -0.8965484499931335,
        -0.43785160779953003,
        1.460249900817871
      ],
      [
        -0.30194327235221863,
        0.4364752173423767,
        -0.8475375175476074,
        0.08720848709344864
      ],
      [
        0.0,
        0.0,
        0.0,
        1.0
      ]
    ],
    [
      [
        0.9509382247924805,
        0.07637718319892883,
        -0.2998051643371582,
        -0.01028500311076641
      ],
      [
        -0.06567826867103577,
        -0.8971238732337952,
        -0.43686968088150024,
        1.460524082183838
      ],
      [
        -0.3023292124271393,
        0.43512672185897827,
        -0.8480931520462036,
        0.08719108998775482
      ],
      [
        0.0,
        0.0,
        0.0,
        1.0
      ]
    ],
    [
      [
        0.9509731531143188,
        0.07701605558395386,
        -0.29953089356422424,
        -0.01018211618065834
      ],
      [
        -0.06460248678922653,
        -0.8976663947105408,
        -0.4359147846698761,
        1.460775375366211
      ],
      [
        -0.3024512529373169,
        0.43389371037483215,
        -0.8486811518669128,
        0.08715464174747467
      ],
      [
        0.0,
