{
  "task": "assemble disassemble furniture bench lamp",
  "instruction": "assemble disassemble furniture bench lamp",
  "right_hand_xyzrpy": [
    [
      -0.029537467285990715,
      1.0127286911010742,
      -0.4386514723300934,
      -0.3862875871991031,
      -0.7141027579620233,
      -0.8726158738960037
    ],
    [
      -0.029537467285990715,
      1.0127286911010742,
      -0.4386514723300934,
      -0.3862875871991031,
      -0.7141027579620233,
      -0.8726158738960037
    ],
    [
      -0.029602911323308945,
      1.0127280950546265,
      -0.4385589361190796,
      -0.46678794320787365,
      -0.7192371606365741,
      -0.7918596638029157
    ],
    [
      -0.029935717582702637,
      1.0125402212142944,
      -0.4381169080734253,
      -0.5546050876495755,
      -0.7121190895139708,
      -0.692863189310155
    ],
    [
      -0.03191569447517395,
      1.0108399391174316,
      -0.4363722503185272,
      -0.6471327393953742,
      -0.6865238340701432,
      -0.5851658020752966
    ],
    [
      -0.03539225831627846,
      1.0071654319763184,
      -0.434224396944046,
      -0.7305200968859737,
      -0.655560114499308,
      -0.4835489599861102
    ],
    [
      -0.03979804739356041,
      1.001663088798523,
      -0.4325743615627289,
      -0.8056363034552075,
      -0.6252156374444494,
      -0.3960301945096222
    ],
    [
      -0.04415364935994148,
      0.9960952997207642,
      -0.43105262517929077,
      -0.8673093318986151,
      -0.601876237593856,
      -0.32119790609924787
    ],
    [
      -0.047687992453575134,
      0.9913782477378845,
      -0.43031245470046997,
      -0.9110390595691117,
      -0.5829807177163112,
      -0.2714719246267772
    ],
    [
      -0.050327055156230927,
      0.9885572195053101,
      -0.4296606779098511,
      -0.9351332974729116,
      -0.5721813562869005,
      -0.24487112536692407
    ],
    [
      -0.05229535698890686,
      0.9876528978347778,
      -0.4293137192726135,
      -0.9435865867116962,
      -0.5718659676227037,
      -0.2289366413645375
    ],
    [
      -0.05359633266925812,
      0.9881032705307007,
      -0.42897921800613403,
      -0.9427225598403285,
      -0.5725016310102682,
      -0.22079089475488736
    ],
    [
      -0.05422837659716606,
      0.9881640076637268,
      -0.42900732159614563,
      -0.9340139394407949,
      -0.5688038044215833,
      -0.21733489393175603
    ],
    [
      -0.05471266806125641,
      0.9878003597259521,
      -0.42931777238845825,
      -0.9145057053175586,
      -0.5614256123877011,
      -0.2217341294280153
    ],
    [
      -0.055153921246528625,
      0.9875872731208801,
      -0.4294358491897583,
      -0.8749873029465037,
      -0.5530208749364065,
      -0.24014007415339508
    ],
    [
      -0.055531132966279984,
      0.9875044226646423,
      -0.4293895959854126,
      -0.8256965755874219,
      -0.5486679171153128,
      -0.26531195951489583
    ],
    [
      -0.055867258459329605,
      0.9876599311828613,
      -0.4291459321975708,
      -0.780556886566909,
      -0.5445698315702222,
      -0.28912607452151073
    ],
    [
      -0.05726464465260506,
      0.9895710349082947,
      -0.42759764194488525,
      -0.7444374228253738,
      -0.5368117485597292,
      -0.3128858049652196
    ],
    [
      -0.05975819751620293,
      0.9960970282554626,
      -0.4243014454841614,
      -0.6946817253578061,
      -0.5244964930821671,
      -0.3522360054699968
    ],
    [
      -0.06204265356063843,
      1.0076708793640137,
      -0.42121702432632446,
      -0.6282989117108748,
      -0.5176546041451567,
      -0.41034645657758384
    ],
    [
      -0.06306704878807068,
      1.0228346586227417,
      -0.4191562235355377,
      -0.546912639434859,
      -0.5201655414437483,
      -0.48843436021048187
    ],
    [
      -0.06220819056034088,
      1.0382927656173706,
      -0.41888973116874695,
      -0.460391708149463,
      -0.528125372351452,
      -0.5803181784617047
    ],
    [
      -0.05928462743759155,
      1.0532584190368652,
      -0.41986653208732605,
      -0.36434340732468484,
      -0.5480073988718255,
      -0.6727247898242198
    ],
    [
      -0.0553472563624382,
      1.0665379762649536,
      -0.42452141642570496,
      -0.27625652761357633,
      -0.5720967075929273,
      -0.7620658057504061
    ],
    [
      -0.050311967730522156,
      1.0773558616638184,
      -0.43036141991615295,
      -0.19259369530579365,
      -0.5972215148538429,
      -0.8493754644349604
    ],
    [
      -0.0448981449007988,
      1.0854394435882568,
      -0.43700605630874634,
      -0.10721674857485672,
      -0.6276646592612218,
      -0.9359992834540904
    ],
    [
      -0.03909144550561905,
      1.0903728008270264,
      -0.4437253773212433,
      -0.03339062231814699,
      -0.6649632375757745,
      -1.0134235279160606
    ],
    [
      -0.03332749754190445,
      1.0927766561508179,
      -0.4500372111797333,
      0.03642198648187854,
      -0.7139580307058957,
      -1.0793686154210842
    ],
    [
      -0.027508258819580078,
      1.09264075756073,
      -0.45734038949012756,
      0.10461825882341169,
      -0.7639521887529741,
      -1.1386748511186628
    ],
    [
      -0.022322963923215866,
      1.0903156995773315,
      -0.4646150767803192,
      0.17149543100725728,
      -0.8081842498963638,
      -1.1914805410134512
    ],
    [
      -0.017954697832465172,
      1.0869176387786865,
      -0.4706896245479584,
      0.22817063561022105,
      -0.847209474229321,
      -1.232664729404769
    ],
    [
      -0.014194430783390999,
      1.0825496912002563,
      -0.47524476051330566,
      0.27694645639065985,
      -0.8887701734294432,
      -1.2618537825156382
    ],
    [
      -0.011622834019362926,
      1.0773069858551025,
      -0.47851863503456116,
      0.31842356856565696,
      -0.9321535720521272,
      -1.2829422779571815
    ],
    [
      -0.00975053757429123,
      1.0713704824447632,
      -0.48113784193992615,
      0.34940771552722133,
      -0.9667904816446586,
      -1.2987514043237365
    ],
    [
      -0.008232845924794674,
      1.065435767173767,
      -0.4836353063583374,
      0.3662708887973962,
      -0.9959754912715861,
      -1.3057678454990023
    ],
    [
      -0.007497864775359631,
      1.05990469455719,
      -0.4859517514705658,
      0.37179603529322997,
      -1.015293256884033,
      -1.3061829044046676
    ],
    [
      -0.007475364953279495,
      1.0547270774841309,
      -0.48786482214927673,
      0.371854165291956,
      -1.023843615786887,
      -1.304504006149691
    ],
    [
      -0.007913580164313316,
      1.0499733686447144,
      -0.4890148937702179,
      0.3691782276037347,
      -1.026474332765069,
      -1.3021879515935182
    ],
    [
      -0.008324028924107552,
      1.0452041625976562,
      -0.49045905470848083,
      0.3690897829132832,
      -1.029397756920616,
      -1.302388525215502
    ],
    [
      -0.00913931429386139,
      1.041307806968689,
      -0.49153733253479004,
      0.36761296242766056,
      -1.03036199398955,
      -1.3021127565674349
    ],
    [
      -0.010214263573288918,
      1.0384162664413452,
      -0.4921364486217499,
      0.36572515319903437,
      -1.030096761279822,
      -1.3018704107012296
    ],
    [
      -0.010990852490067482,
      1.0360206365585327,
      -0.492575079202652,
      0.36514915133444137,
      -1.030461515453255,
      -1.302787256362646
    ],
    [
      -0.011702116578817368,
      1.0336599349975586,
      -0.4933457374572754,
      0.36580206849100516,
      -1.0328154545227353,
      -1.3042437345221989
    ],
    [
      -0.012287435121834278,
      1.0313185453414917,
      -0.49440997838974,
      0.3669826093810951,
      -1.036053626326266,
      -1.3058369427473449
    ],
    [
      -0.01281310711055994,
      1.0292654037475586,
      -0.4951959252357483,
      0.3665811892431862,
      -1.0383659785032742,
      -1.3063804371016394
    ],
    [
      -0.013245493173599243,
      1.0279704332351685,
      -0.49538207054138184,
      0.3650233576184628,
      -1.0390713772005626,
      -1.3062267216945487
    ],
    [
      -0.013446136377751827,
      1.0269891023635864,
      -0.4955374598503113,
      0.3644855012893286,
      -1.0406524316311583,
      -1.3067011049662158
    ],
    [
      -0.013415979221463203,
      1.0262590646743774,
      -0.4956537187099457,
      0.36445313587608386,
      -1.0427973312147552,
      -1.307231226190627
    ],
    [
      -0.013284395448863506,
      1.0257885456085205,
      -0.49569904804229736,
      0.3642053376893126,
      -1.045214896322259,
      -1.307381265034439
    ],
    [
      -0.013204007409512997,
      1.0254713296890259,
      -0.4957004487514496,
      0.36356449183286876,
      -1.0480450049640129,
      -1.3070622275115402
    ],
    [
      -0.013160297647118568,
      1.025287389755249,
      -0.49565714597702026,
      0.3626284902152185,
      -1.0510279129982347,
      -1.306169975840899
    ]
  ],
  "left_hand_xyzrpy": [
    [
      -0.45248693227767944,
      0.9823055267333984,
      -0.4991912543773651,
      -0.17727013276283524,
      1.2097426451187208,
      -2.6579308349362845
    ],
    [
      -0.45248693227767944,
      0.9823055267333984,
      -0.4991912543773651,
      -0.17727013276283524,
      1.2097426451187208,
      -2.6579308349362845
    ],
    [
      -0.4524792730808258,
      0.9823351502418518,
      -0.4992375373840332,
      -0.17606307091261084,
      1.2099561455451313,
      -2.6567514226458417
    ],
    [
      -0.4524722993373871,
      0.9823488593101501,
      -0.499254047870636,
      -0.17508022524264846,
      1.210089876886064,
      -2.6557175051238664
    ],
    [
      -0.45247310400009155,
      0.9823502898216248,
      -0.4992865025997162,
      -0.173930236357783,
      1.210079068552323,
      -2.6546192148330987
    ],
    [
      -0.4524357318878174,
      0.9823980331420898,
      -0.49931129813194275,
      -0.1730240381638009,
      1.2100436058822306,
      -2.653632209167175
    ],
    [
      -0.45239558815956116,
      0.98241126537323,
      -0.49933016300201416,
      -0.17173678534339462,
      1.2099943014231784,
      -2.6524225099676264
    ],
    [
      -0.4524422585964203,
      0.9824581742286682,
      -0.49934306740760803,
      -0.17028163671924293,
      1.209869549393116,
      -2.6514530085054395
    ],
    [
      -0.4523835778236389,
      0.9824461340904236,
      -0.49932369589805603,
      -0.1690254855985359,
      1.210154395570073,
      -2.6503568073569075
    ],
    [
      -0.45232030749320984,
      0.9825076460838318,
      -0.49934154748916626,
      -0.1677795092837848,
      1.2105042046661878,
      -2.6493574056190794
    ],
    [
      -0.4522888660430908,
      0.9825606942176819,
      -0.4993704557418823,
      -0.16645240650211943,
      1.2108365705979767,
      -2.648332907596718
    ],
    [
      -0.4522063136100769,
      0.9826028347015381,
      -0.49936702847480774,
      -0.16511368508556298,
      1.211276624552745,
      -2.6473538880466556
    ],
    [
      -0.4521722197532654,
      0.9825500249862671,
      -0.49938514828681946,
      -0.16344053790331248,
      1.2115199843667033,
      -2.645975615500667
    ],
    [
      -0.45209354162216187,
      0.9826034307479858,
      -0.4993705451488495,
      -0.16214851069918862,
      1.211868181685846,
      -2.6450515221567397
    ],
    [
      -0.4520416855812073,
      0.9826566576957703,
      -0.49933335185050964,
      -0.16049433093523063,
      1.2118939743655532,
      -2.6438539225644386
    ],
    [
      -0.4519875943660736,
      0.9826694130897522,
      -0.4993312656879425,
      -0.158456914238727,
      1.2118598673183516,
      -2.6422673856429286
    ],
    [
      -0.45191916823387146,
      0.9827344417572021,
      -0.49931037425994873,
      -0.15791470118053602,
      1.2119571060374013,
      -2.641665897647148
    ],
    [
      -0.4518797993659973,
      0.9827372431755066,
      -0.4993552267551422,
      -0.1566049759545566,
      1.211990033759794,
      -2.6405462852696386
    ],
    [
      -0.4518320858478546,
      0.9827024340629578,
      -0.4993407428264618,
      -0.15613489406418515,
      1.212081533692239,
      -2.6399856665184203
    ],
    [
      -0.45180878043174744,
      0.9827370643615723,
      -0.49933475255966187,
      -0.15545297080189224,
      1.2120287360158937,
      -2.639386097812045
    ],
    [
      -0.4517919719219208,
      0.9828057885169983,
      -0.4994158148765564,
      -0.15374201649337896,
      1.2120603118676885,
      -2.6384262675769525
    ],
    [
      -0.45174965262413025,
      0.9828552007675171,
      -0.4994716942310333,
      -0.15255641072114104,
      1.2123232076706913,
      -2.6377772579867975
    ],
    [
      -0.45171841979026794,
      0.9828962087631226,
      -0.49952399730682373,
      -0.15189156304658333,
      1.2126403546167768,
      -2.6373674813761077
    ],
    [
      -0.45169925689697266,
      0.9829209446907043,
      -0.499538391828537,
      -0.15093707123527642,
      1.2128820493358903,
      -2.636613413003195
    ],
    [
      -0.45169270038604736,
      0.9829659461975098,
      -0.49958884716033936,
      -0.14947182507534318,
      1.2131070456908692,
      -2.6354077175287665
    ],
    [
      -0.45162948966026306,
      0.9830087423324585,
      -0.4996108412742615,
      -0.14769251661785338,
      1.213560001992153,
      -2.6339584606220994
    ],
    [
      -0.45161181688308716,
      0.9829961061477661,
      -0.49954864382743835,
      -0.14562996430848663,
      1.2135917073589084,
      -2.6320418470329887
    ],
    [
      -0.4515831470489502,
      0.9830093383789062,
      -0.4994767904281616,
      -0.14360332576947857,
      1.2130697638648134,
      -2.630123252919125
    ],
    [
      -0.45152547955513,
      0.9829918146133423,
      -0.499381422996521,
      -0.1418759664927418,
      1.212498744038882,
      -2.628380546313211
    ],
    [
      -0.45147642493247986,
      0.982990562915802,
      -0.4992958903312683,
      -0.1403929488088432,
      1.211977643092028,
      -2.6269448775877784
    ],
    [
      -0.45142075419425964,
      0.9829632639884949,
      -0.4992603361606598,
      -0.13914589658051602,
      1.2116307008546081,
      -2.625666074031841
    ],
    [
      -0.45137012004852295,
      0.9829505085945129,
      -0.4992668926715851,
      -0.13855680883042212,
      1.2114486209000164,
      -2.6250847040682963
    ],
    [
      -0.4513649642467499,
      0.9829099774360657,
      -0.4993993937969208,
      -0.13918297414230263,
      1.2115228663117055,
      -2.625655948527659
    ],
    [
      -0.4512973725795746,
      0.982910692691803,
      -0.4994203746318817,
      -0.13910230380201014,
      1.2118780234201973,
      -2.6259961677278763
    ],
    [
      -0.45125266909599304,
      0.98292076587677,
      -0.49936214089393616,
      -0.13884629534191076,
      1.2120141373273365,
      -2.626022059470711
    ],
    [
      -0.45120149850845337,
      0.9828744530677795,
      -0.49933144450187683,
      -0.13745075527759254,
      1.2117938679575773,
      -2.625006347774648
    ],
    [
      -0.451149582862854,
      0.9828692674636841,
      -0.49929913878440857,
      -0.1365492581796804,
      1.2114777748825436,
      -2.6242205529583553
    ],
    [
      -0.45108720660209656,
      0.9829529523849487,
      -0.4992399215698242,
      -0.1349828099313004,
      1.2112776410486563,
      -2.6232463267519996
    ],
    [
      -0.4510423541069031,
      0.982886016368866,
      -0.4991874694824219,
      -0.1332520394448624,
      1.211153140750999,
      -2.6217515645227816
    ],
    [
      -0.45105767250061035,
      0.982837438583374,
      -0.4991186559200287,
      -0.13251594234175407,
      1.2108924165661898,
      -2.62119808665791
    ],
    [
      -0.4510440230369568,
      0.9828131794929504,
      -0.49906572699546814,
      -0.13216691455503948,
      1.210712554492237,
      -2.6209517685074912
    ],
    [
      -0.450982004404068,
      0.9828073382377625,
      -0.49899643659591675,
      -0.13170929559020786,
      1.210623754961082,
      -2.6205231072964965
    ],
    [
      -0.45098066329956055,
      0.9827713966369629,
      -0.49893876910209656,
      -0.13171207924907344,
      1.2104979491890344,
      -2.62036033791754
    ],
    [
      -0.4509401023387909,
      0.9827529788017273,
      -0.4988841712474823,
      -0.13061237294627298,
      1.2103654251086695,
      -2.619401816645889
    ],
    [
      -0.45091262459754944,
      0.9827172756195068,
      -0.49884796142578125,
      -0.1299783187672013,
      1.2102711315012653,
      -2.6187500761222617
    ],
    [
      -0.4508933424949646,
      0.9827044606208801,
      -0.4988148808479309,
      -0.1296114533503728,
      1.210341933993117,
      -2.6184429195869603
    ],
    [
      -0.45086389780044556,
      0.9827118515968323,
      -0.4987553656101227,
      -0.129027357415093,
      1.2103088123176544,
      -2.6180626534830314
    ],
    [
      -0.45084527134895325,
      0.9826570749282837,
      -0.49872270226478577,
      -0.1285355832608511,
      1.210428469656124,
      -2.6176438581256867
    ],
    [
      -0.4508318603038788,
      0.9826485514640808,
      -0.4986565113067627,
      -0.12816047429731997,
      1.2103453139195697,
      -2.6173446848726107
    ],
    [
      -0.4507846236228943,
      0.9826316833496094,
      -0.49863824248313904,
      -0.1274173515184971,
      1.210366439146622,
      -2.616696310989629
    ],
    [
      -0.4507571756839752,
      0.9826547503471375,
      -0.49862945079803467,
      -0.12632260465524545,
      1.2102400434389617,
      -2.6158715405070594
    ]
  ],
  "instrinsic": [
    [
      736.6339111328125,
      0.0,
      960.0
    ],
    [
      0.0,
      736.6339111328125,
      540.0
    ],
    [
      0.0,
      0.0,
      1.0
    ]
  ],
  "extrinsics": [
    [
      [
        0.9943932890892029,
        0.05865815654397011,
        -0.08798334747552872,
        -0.11364920437335968
      ],
      [
        0.031794339418411255,
        -0.959391176700592,
        -0.28028079867362976,
        1.228682279586792
      ],
      [
        -0.10085117071866989,
        0.27591195702552795,
        -0.9558773040771484,
        -0.210071861743927
      ],
      [
        0.0,
        0.0,
        0.0,
        0.9999998807907104
      ]
    ],
    [
      [
        0.9943932890892029,
        0.05865815654397011,
        -0.08798334747552872,
        -0.11364920437335968
      ],
      [
        0.031794339418411255,
        -0.959391176700592,
        -0.28028079867362976,
        1.228682279586792
      ],
      [
        -0.10085117071866989,
        0.27591195702552795,
        -0.9558773040771484,
        -0.210071861743927
      ],
      [
        0.0,
        0.0,
        0.0,
        0.9999998807907104
      ]
    ],
    [
      [
        0.9942088723182678,
        0.05983921140432358,
        -0.08926205337047577,
        -0.11374767869710922
      ],
      [
        0.03255799040198326,
        -0.9593114256858826,
        -0.28046634793281555,
        1.2286357879638672
      ],
      [
        -0.10241300612688065,
        0.27593594789505005,
        -0.9557042717933655,
        -0.21024228632450104
      ],
      [
        0.0,
        0.0,
        0.0,
        0.9999998807907104
      ]
    ],
    [
      [
        0.9940153956413269,
        0.06107792258262634,
        -0.09056908637285233,
        -0.11371881514787674
      ],
      [
        0.03336714580655098,
        -0.9592239260673523,
        -0.2806696891784668,
        1.2286262512207031
      ],
      [
        -0.10401874035596848,
        0.27596795558929443,
        -0.9555215835571289,
        -0.21042732894420624
      ],
      [
        0.0,
        0.0,
        0.0,
        0.9999998807907104
      ]
    ],
    [
      [
        0.9938132762908936,
        0.062250442802906036,
        -0.09197735786437988,
        -0.11358926445245743
      ],
      [
        0.03409904986619949,
        -0.959179162979126,
        -0.28073495626449585,
        1.2286524772644043
      ],
      [
        -0.1056985929608345,
        0.27586179971694946,
        -0.9553678631782532,
        -0.2106413096189499
      ],
      [
        0.0,
        0.0,
        0.0,
        0.9999998807907104
      ]
    ],
    [
      [
        0.9936651587486267,
        0.06176414340734482,
        -0.09388494491577148,
        -0.11353899538516998
      ],
      [
        0.032909490168094635,
        -0.9587287902832031,
        -0.28241032361984253,
        1.228456974029541
      ],
      [
        -0.10745303332805634,
        0.27753162384033203,
        -0.9546882510185242,
        -0.21082258224487305
      ],
      [
        0.0,
        0.0,
        0.0,
        0.9999998211860657
      ]
    ],
    [
      [
        0.9935131072998047,
        0.06030414626002312,
        -0.0964108482003212,
        -0.11365488916635513
      ],
      [
        0.030561979860067368,
        -0.9582142233848572,
        -0.284413605928421,
        1.2282030582427979
      ],
      [
        -0.10953360050916672,
        0.2796221375465393,
        -0.9538415670394897,
        -0.21098650991916656
      ],
      [
        0.0,
        0.0,
        0.0,
        1.0
      ]
    ],
    [
      [
        0.9933311343193054,
        0.05930585414171219,
        -0.0988725796341896,
        -0.11389371752738953
      ],
      [
        0.028849590569734573,
        -0.9581321477890015,
        -0.2848683297634125,
        1.2281814813613892
      ],
      [
        -0.11162743717432022,
        0.2801162004470825,
        -0.9534537196159363,
        -0.21117819845676422
      ],
      [
        0.0,
        0.0,
        0.0,
        0.9999998211860657
      ]
    ],
    [
      [
        0.993177056312561,
        0.05922190472483635,
        -0.10045801103115082,
        -0.11416256427764893
      ],
      [
        0.028395550325512886,
        -0.9583366513252258,
        -0.2842256724834442,
        1.2283258438110352
      ],
      [
        -0.11310498416423798,
        0.27943387627601624,
        -0.9534797072410583,
        -0.21136586368083954
      ],
      [
        0.0,
        0.0,
        0.0,
        0.9999998807907104
      ]
    ],
    [
      [
        0.9930722117424011,
        0.060229815542697906,
        -0.1008945107460022,
        -0.11440051347017288
      ],
      [
        0.02928890660405159,
        -0.9584195017814636,
        -0.28385525941848755,
        1.2284184694290161
      ],
      [
        -0.11379578709602356,
        0.2789337635040283,
        -0.953544020652771,
        -0.2114925980567932
      ],
      [
        0.0,
        0.0,
        0.0,
        0.9999998211860657
      ]
    ],
    [
      [
        0.9930133819580078,
        0.061449769884347916,
        -0.10073715448379517,
        -0.11463519930839539
      ],
      [
        0.03039596416056156,
        -0.9581002593040466,
        -0.28481486439704895,
        1.2282921075820923
      ],
      [
        -0.11401815712451935,
        0.27976301312446594,
        -0.9532744884490967,
        -0.2114991396665573
      ],
      [
        0.0,
        0.0,
        0.0,
        0.9999998807907104
      ]
    ],
    [
      [
        0.9929391145706177,
        0.06232280284166336,
        -0.1009330227971077,
        -0.11492360383272171
      ],
      [
        0.03105439990758896,
        -0.9577605128288269,
        -0.2858844995498657,
        1.2280666828155518
      ],
      [
        -0.11448679119348526,
        0.28073152899742126,
        -0.9529335498809814,
        -0.21146248281002045
      ],
      [
        0.0,
        0.0,
        0.0,
        0.9999998211860657
      ]
    ],
    [
      [
        0.9928072094917297,
        0.06306259334087372,
        -0.10176758468151093,
        -0.11525044590234756
      ],
      [
        0.0314139761030674,
        -0.9574604034423828,
        -0.28684890270233154,
        1.2278037071228027
      ],
      [
        -0.11552786827087402,
        0.2815888226032257,
        -0.9525548815727234,
        -0.21142153441905975
      ],
      [
        0.0,
        0.0,
        0.0,
        1.0
      ]
    ],
    [
      [
        0.9927223324775696,
        0.06337407976388931,
        -0.10240136086940765,
        -0.11550933122634888
      ],
      [
        0.03139399737119675,
        -0.9571176171302795,
        -0.2879931628704071,
        1.227534294128418
      ],
      [
        -0.11626142263412476,
        0.2826825678348541,
        -0.9521417021751404,
        -0.2114092856645584
      ],
      [
        0.0,
        0.0,
        0.0,
        0.9999998807907104
      ]
    ],
    [
      [
        0.9926781058311462,
        0.06382354348897934,
        -0.10255053639411926,
        -0.11564838141202927
      ],
      [
        0.03167630732059479,
        -0.9568414092063904,
        -0.2888782322406769,
        1.2273422479629517
      ],
      [
        -0.1165619045495987,
        0.2835146486759186,
        -0.9518574476242065,
        -0.21150729060173035
      ],
      [
        0.0,
        0.0,
        0.0,
        0.9999998807907104
      ]
    ],
    [
      [
        0.992626428604126,
        0.06437528133392334,
        -0.1027054488658905,
        -0.11570754647254944
      ],
      [
        0.03214079886674881,
        -0.956769585609436,
        -0.2890649437904358,
        1.227297306060791
      ],
      [
        -0.11687418073415756,
        0.2836324870586395,
        -0.9517840147018433,
        -0.2117418646812439
      ],
      [
        0.0,
        0.0,
        0.0,
        0.9999998807907104
      ]
    ],
    [
      [
        0.9926488995552063,
        0.06376709043979645,
        -0.10286817699670792,
        -0.115732342004776
      ],
      [
        0.03148707374930382,
        -0.9567403793334961,
        -0.2892337739467621,
        1.2272812128067017
      ],
      [
        -0.11686170101165771,
        0.2838684916496277,
        -0.9517152309417725,
        -0.21202360093593597
      ],
      [
        0.0,
        0.0,
        0.0,
        0.9999998807907104
      ]
    ],
    [
      [
        0.9926419258117676,
        0.06347458809614182,
        -0.10311511904001236,
        -0.11571159213781357
      ],
      [
        0.03126038610935211,
        -0.957057535648346,
        -0.28820687532424927,
        1.2274281978607178
      ],
      [
        -0.11698094010353088,
        0.2828628122806549,
        -0.9519999027252197,
        -0.21252979338169098
      ],
      [
        0.0,
        0.0,
        0.0,
        0.9999998211860657
      ]
    ],
    [
      [
        0.9925732016563416,
        0.06379280239343643,
        -0.10357929021120071,
        -0.11565463244915009
      ],
      [
        0.03155575692653656,
        -0.9573439955711365,
        -0.2872219383716583,
        1.2274948358535767
      ],
      [
        -0.11748377233743668,
        0.2818203270435333,
        -0.952247142791748,
        -0.21313536167144775
      ],
      [
        0.0,
        0.0,
        0.0,
        0.9999998807907104
      ]
    ],
    [
      [
        0.9925673604011536,
        0.06361813098192215,
        -0.10374341905117035,
        -0.11561209708452225
      ],
      [
        0.03123488463461399,
        -0.9570975303649902,
        -0.28807690739631653,
        1.227300763130188
      ],
      [
        -0.11761944741010666,
        0.2826952338218689,
        -0.9519709944725037,
        -0.21361741423606873
      ],
      [
        0.0,
        0.0,
        0.0,
        0.9999998807907104
      ]
    ],
    [
      [
        0.9924764037132263,
        0.0643516555428505,
        -0.10415986180305481,
        -0.11563225835561752
      ],
      [
        0.031666044145822525,
        -0.9567024111747742,
        -0.2893397808074951,
        1.2270910739898682
      ],
      [
        -0.11826944351196289,
        0.2838645279407501,
        -0.9515424370765686,
        -0.2140270173549652
      ],
      [
        0.0,
        0.0,
        0.0,
        0.9999998807907104
      ]
    ],
    [
      [
        0.9923193454742432,
        0.065303735435009,
        -0.10505995899438858,
        -0.11578292399644852
      ],
      [
        0.0324360616505146,
        -0.9569436311721802,
        -0.28845497965812683,
        1.2272462844848633
      ],
      [
        -0.11937366425991058,
        0.28283172845840454,
        -0.9517120122909546,
        -0.21444451808929443
      ],
      [
        0.0,
        0.0,
        0.0,
        0.9999998211860657
      ]
    ],
    [
      [
        0.9921631813049316,
        0.06612662225961685,
        -0.10601575672626495,
        -0.11608216911554337
      ],
      [
        0.03343489393591881,
        -0.9580426812171936,
        -0.28466781973838806,
        1.2278521060943604
      ],
      [
        -0.1203918531537056,
        0.27889230847358704,
        -0.952745795249939,
        -0.21481168270111084
      ],
      [
        0.0,
        0.0,
        0.0,
        0.9999998211860657
      ]
    ],
    [
      [
        0.9919731020927429,
        0.06737631559371948,
        -0.10700268298387527,
        -0.1165282130241394
      ],
      [
        0.03510178253054619,
        -0.959686279296875,
        -0.2788722515106201,
        1.2287392616271973
      ],
      [
        -0.12147849053144455,
        0.2728777825832367,
        -0.9543482065200806,
        -0.21507608890533447
      ],
      [
        0.0,
        0.0,
        0.0,
        0.9999998807907104
      ]
    ],
    [
      [
        0.991754949092865,
        0.0688164234161377,
        -0.10810262709856033,
        -0.11719222366809845
      ],
      [
        0.036991097033023834,
        -0.9614018797874451,
        -0.27264946699142456,
        1.2296903133392334
      ],
      [
        -0.12269290536642075,
        0.26640263199806213,
        -0.9560208320617676,
        -0.21517878770828247
      ],
      [
        0.0,
        0.0,
        0.0,
        0.9999998807907104
      ]
    ],
    [
      [
        0.9914602637290955,
        0.0709681585431099,
        -0.10940657556056976,
        -0.1179208755493164
      ],
      [
        0.03961748629808426,
        -0.9632176756858826,
        -0.2657851278781891,
        1.2307406663894653
      ],
      [
        -0.1242445707321167,
        0.25918105244636536,
        -0.9578038454055786,
        -0.2152114361524582
      ],
      [
        0.0,
        0.0,
        0.0,
        0.9999998807907104
      ]
    ],
    [
      [
        0.9911106824874878,
        0.07347214967012405,
        -0.1109117716550827,
        -0.11861884593963623
      ],
      [
        0.042570192366838455,
        -0.9649832248687744,
        -0.2588333189487457,
        1.2317858934402466
      ],
      [
        -0.12604506313800812,
        0.2518109679222107,
        -0.9595330357551575,
        -0.21514205634593964
      ],
      [
        0.0,
        0.0,
        0.0,
        0.9999998807907104
      ]
    ],
    [
      [
        0.990702748298645,
        0.07615780085325241,
        -0.11272859573364258,
        -0.11931877583265305
      ],
      [
        0.04568354785442352,
        -0.9667437076568604,
        -0.25163307785987854,
        1.2328566312789917
      ],
      [
        -0.12814348936080933,
        0.2441437840461731,
        -0.9612350463867188,
        -0.21502096951007843
      ],
      [
        0.0,
        0.0,
        0.0,
        0.9999998807907104
      ]
    ],
    [
      [
        0.9902422428131104,
        0.07903891056776047,
        -0.11477386951446533,
        -0.11998843401670456
      ],
      [
        0.04897242411971092,
        -0.9684387445449829,
        -0.24439214169979095,
        1.2339391708374023
      ],
      [
        -0.1304679811000824,
        0.23638664186000824,
        -0.9628599882125854,
        -0.21495389938354492
      ],
      [
        0.0,
        0.0,
        0.0,
        0.9999998807907104
      ]
    ],
    [
      [
        0.989802896976471,
        0.08181948959827423,
        -0.11660002171993256,
        -0.12055166810750961
      ],
      [
        0.052309550344944,
        -0.9701666235923767,
        -0.23672746121883392,
        1.235082745552063
      ],
      [
        -0.1324903517961502,
        0.22821424901485443,
        -0.9645538926124573,
        -0.215006485581398
      ],
      [
        0.0,
        0.0,
        0.0,
        0.9999998211860657
      ]
    ],
    [
      [
        0.989417314529419,
        0.08435393124818802,
        -0.11805684864521027,
        -0.12096751481294632
      ],
      [
        0.05543335899710655,
        -0.9716799259185791,
        -0.22970570623874664,
        1.2361469268798828
      ],
      [
        -0.1340901404619217,
        0.22073055803775787,
        -0.9660733342170715,
        -0.21507428586483002
      ],
      [
        0.0,
        0.0,
        0.0,
        0.9999998807907104
      ]
    ],
    [
      [
        0.9891337752342224,
        0.08595868200063705,
        -0.11926928907632828,
        -0.12125889956951141
      ],
      [
        0.05749109387397766,
        -0.9728159308433533,
        -0.22432932257652283,
        1.2369887828826904
      ],
      [
        -0.13531015813350677,
        0.2150348573923111,
        -0.967187225818634,
        -0.21511833369731903
      ],
      [
        0.0,
        0.0,
        0.0,
        1.0
      ]
    ],
    [
      [
        0.98897385597229,
        0.08675827831029892,
        -0.12001495063304901,
        -0.1214146614074707
      ],
      [
        0.05857183039188385,
        -0.973495364189148,
        -0.22107884287834167,
        1.2375298738479614
      ],
      [
        -0.13601431250572205,
        0.21161167323589325,
        -0.967843234539032,
        -0.21517150104045868
      ],
      [
        0.0,
        0.0,
        0.0,
        1.0
      ]
    ],
    [
      [
        0.9889893531799316,
        0.08690918236970901,
        -0.11977722495794296,
        -0.12135377526283264
      ],
      [
        0.05892810970544815,
        -0.9737264513969421,
        -0.21996308863162994,
        1.2377501726150513
      ],
      [
        -0.1357470601797104,
        0.2104828953742981,
        -0.9681267738342285,
        -0.21521185338497162
      ],
      [
        0.0,
        0.0,
        0.0,
        0.9999998807907104
      ]
    ],
    [
      [
        0.9892044067382812,
        0.0864173024892807,
        -0.11834944784641266,
        -0.12107687443494797
      ],
      [
        0.05880823731422424,
        -0.9738293290138245,
        -0.21953926980495453,
        1.2378149032592773
      ],
      [
        -0.13422420620918274,
        0.21020929515361786,
        -0.9683986306190491,
        -0.21530306339263916
      ],
      [
        0.0,
        0.0,
        0.0,
        1.0
      ]
    ],
    [
      [
        0.9895663261413574,
        0.08535929024219513,
        -0.11606991291046143,
        -0.12062536180019379
      ],
      [
        0.058220479637384415,
        -0.9738088846206665,
        -0.2197866141796112,
        1.2377320528030396
      ],
      [
        -0.13179081678390503,
        0.21073578298091888,
        -0.9686183333396912,
        -0.21542446315288544
      ],
      [
        0.0,
        0.0,
        0.0,
        1.0
      ]
    ],
    [
      [
        0.9900209903717041,
        0.08353860676288605,
        -0.11348665505647659,
        -0.12009561061859131
      ],
      [
        0.05683524161577225,
        -0.9736400246620178,
        -0.22089387476444244,
        1.2375192642211914
      ],
      [
        -0.12894845008850098,
        0.21223962306976318,
        -0.9686724543571472,
        -0.21553976833820343
      ],
      [
        0.0,
        0.0,
        0.0,
        0.9999997615814209
      ]
    ],
    [
      [
        0.9904846549034119,
        0.0814419537782669,
        -0.1109376922249794,
        -0.11958000063896179
      ],
      [
        0.05512610822916031,
        -0.9733936190605164,
        -0.22240877151489258,
        1.2372887134552002
      ],
      [
        -0.12609940767288208,
        0.21417690813541412,
        -0.9686211347579956,
        -0.21564200520515442
      ],
      [
        0.0,
        0.0,
        0.0,
        0.9999998211860657
      ]
    ],
    [
      [
        0.9909060597419739,
        0.07937754690647125,
        -0.10864729434251785,
        -0.11913211643695831
      ],
      [
        0.0534856803715229,
        -0.9732874035835266,
        -0.2232721596956253,
        1.2371712923049927
      ],
      [
        -0.1234678402543068,
        0.21543070673942566,
        -0.9686821699142456,
        -0.21576263010501862
      ],
      [
        0.0,
        0.0,
        0.0,
        0.9999998807907104
      ]
    ],
    [
      [
        0.9913045167922974,
        0.07719715684652328,
        -0.10656347870826721,
        -0.11876524239778519
      ],
      [
        0.051757052540779114,
        -0.9733021855354309,
        -0.2236151099205017,
        1.2371262311935425
      ],
      [
        -0.12098083645105362,
        0.2161552906036377,
        -0.9688345193862915,
        -0.2158646434545517
      ],
      [
        0.0,
        0.0,
        0.0,
        0.9999998807907104
      ]
    ],
    [
      [
        0.9916434288024902,
        0.07542861998081207,
        -0.10465925931930542,
        -0.11848243325948715
      ],
      [
        0.050396353006362915,
        -0.9732950925827026,
        -0.2239563763141632,
        1.2370836734771729
      ],
      [
        -0.11875707656145096,
        0.2168104350566864,
        -0.9689632058143616,
        -0.21592582762241364
      ],
      [
        0.0,
        0.0,
        0.0,
        0.9999998807907104
      ]
    ],
    [
      [
        0.9918976426124573,
        0.07438166439533234,
        -0.10298831015825272,
        -0.11827367544174194
      ],
      [
        0.04974556341767311,
        -0.973347008228302,
        -0.22387640178203583,
        1.2370896339416504
      ],
      [
        -0.1168956309556961,
        0.2169392704963684,
        -0.969160795211792,
        -0.21600306034088135
      ],
      [
        0.0,
        0.0,
        0.0,
        0.9999998807907104
      ]
    ],
    [
      [
        0.9920782446861267,
        0.07347702980041504,
        -0.10189007967710495,
        -0.11817008256912231
      ],
      [
        0.04905083775520325,
        -0.9732888340950012,
        -0.22428202629089355,
        1.2370294332504272
      ],
      [
        -0.11564807593822479,
        0.21750755608081818,
        -0.9691830277442932,
        -0.21602681279182434
      ],
      [
        0.0,
        0.0,
        0.0,
        0.9999998807907104
      ]
    ],
    [
      [
        0.9922018051147461,
        0.07235932350158691,
        -0.10148664563894272,
        -0.11818825453519821
      ],
      [
        0.04799625277519226,
        -0.9732502698898315,
        -0.22467775642871857,
        1.2369619607925415
      ],
      [
        -0.11502939462661743,
        0.21805468201637268,
        -0.969133734703064,
        -0.21604536473751068
      ],
      [
        0.0,
        0.0,
        0.0,
        0.9999998807907104
      ]
    ],
    [
      [
        0.992289125919342,
        0.07138199359178543,
        -0.10132475197315216,
        -0.11825545877218246
      ],
      [
        0.047039180994033813,
        -0.9732303023338318,
        -0.22496621310710907,
        1.2368930578231812
      ],
      [
        -0.11467088013887405,
        0.21846528351306915,
        -0.9690837264060974,
