{
  "task": "assemble disassemble furniture bench lamp",
  "instruction": "assemble disassemble furniture bench lamp",
  "right_hand_xyzrpy": [
    [
      0.07819098234176636,
      0.8542425036430359,
      -0.4759657084941864,
      -0.2347960942650231,
      -1.1293076411756127,
      -0.9126854347834574
    ],
    [
      0.07819098234176636,
      0.8542425036430359,
      -0.4759657084941864,
      -0.2347960942650231,
      -1.1293076411756127,
      -0.9126854347834574
    ],
    [
      0.0786379724740982,
      0.8545258045196533,
      -0.47582322359085083,
      -0.5643909555375657,
      -0.9908162792562542,
      -0.6268707502248775
    ],
    [
      0.07909983396530151,
      0.855192244052887,
      -0.47531089186668396,
      -0.7238300251118361,
      -0.8371102995601385,
      -0.48180508636781916
    ],
    [
      0.07917476445436478,
      0.856772780418396,
      -0.4733550548553467,
      -0.8138614092071266,
      -0.715789479751307,
      -0.40508285981918535
    ],
    [
      0.07728803157806396,
      0.8592477440834045,
      -0.4692619740962982,
      -0.8731578489988929,
      -0.6341415756225209,
      -0.35786870510565144
    ],
    [
      0.0726405680179596,
      0.8615565299987793,
      -0.4634954333305359,
      -0.8940180094256391,
      -0.5902418943312231,
      -0.32990317767345934
    ],
    [
      0.06616886705160141,
      0.8626736998558044,
      -0.4573253393173218,
      -0.8831592225092143,
      -0.5773130169880442,
      -0.3157277805065843
    ],
    [
      0.05996016412973404,
      0.8625746369361877,
      -0.453335702419281,
      -0.8392317369367749,
      -0.5923973249998865,
      -0.31572669114950547
    ],
    [
      0.05538997799158096,
      0.8622245192527771,
      -0.4506092965602875,
      -0.7830976382179502,
      -0.616502876049833,
      -0.3341971749115104
    ],
    [
      0.05194259434938431,
      0.8624218106269836,
      -0.4477965831756592,
      -0.7158741362579505,
      -0.6514274634597125,
      -0.36531475385209183
    ],
    [
      0.048154838383197784,
      0.8616552352905273,
      -0.4453850984573364,
      -0.6393395866410978,
      -0.7074996213237733,
      -0.40244058187006954
    ],
    [
      0.044454071670770645,
      0.8595547676086426,
      -0.4438838064670563,
      -0.5635936623775101,
      -0.7601834020399976,
      -0.45116569816652113
    ],
    [
      0.0418691486120224,
      0.8584874272346497,
      -0.44203391671180725,
      -0.5032219788226345,
      -0.7935318542372841,
      -0.4992577184011077
    ],
    [
      0.04015112668275833,
      0.8582460284233093,
      -0.44152262806892395,
      -0.46833696368968347,
      -0.8153236373748896,
      -0.5351085171929393
    ],
    [
      0.039803408086299896,
      0.8583223223686218,
      -0.4420818090438843,
      -0.46494775826188356,
      -0.8278629563715779,
      -0.5578714097422931
    ],
    [
      0.040263768285512924,
      0.8584723472595215,
      -0.44333919882774353,
      -0.5080013017264579,
      -0.8316192690419875,
      -0.5597723914115722
    ],
    [
      0.04099937900900841,
      0.8586230278015137,
      -0.4448121190071106,
      -0.5788312743372712,
      -0.8188383275154714,
      -0.5462779979311507
    ],
    [
      0.04221782460808754,
      0.8588505387306213,
      -0.446781188249588,
      -0.6901823561893896,
      -0.782709669240892,
      -0.5133406759650035
    ],
    [
      0.04366058111190796,
      0.8589853644371033,
      -0.4488561451435089,
      -0.7872032435364894,
      -0.7491780633896293,
      -0.48086941716584114
    ],
    [
      0.04482589289546013,
      0.8592694997787476,
      -0.44976070523262024,
      -0.8277174141372127,
      -0.7376719452992296,
      -0.4541317050887243
    ],
    [
      0.045250725001096725,
      0.8594285845756531,
      -0.4497249722480774,
      -0.8376597568306888,
      -0.7368532094463941,
      -0.43566906766456465
    ],
    [
      0.045091185718774796,
      0.8594914674758911,
      -0.4493117034435272,
      -0.783964916132763,
      -0.7588390413033367,
      -0.4335917677732458
    ],
    [
      0.044577911496162415,
      0.8594802618026733,
      -0.44859951734542847,
      -0.6846833340967682,
      -0.7992481105360402,
      -0.459767598582706
    ],
    [
      0.04311922937631607,
      0.8592787981033325,
      -0.4474322199821472,
      -0.5954079465549502,
      -0.8375500456154132,
      -0.5046126139459707
    ],
    [
      0.04111490771174431,
      0.8588268756866455,
      -0.4462990164756775,
      -0.5688871000133533,
      -0.8606383304692081,
      -0.5364834822467983
    ],
    [
      0.03935370221734047,
      0.8583176136016846,
      -0.44581151008605957,
      -0.618890140961605,
      -0.8582567225854592,
      -0.5403803870403198
    ],
    [
      0.038342684507369995,
      0.8578860759735107,
      -0.44574612379074097,
      -0.6979212790135857,
      -0.8289231361403887,
      -0.5239282827640245
    ],
    [
      0.03791385516524315,
      0.8575295805931091,
      -0.4456402659416199,
      -0.7646347710387659,
      -0.7974495263117874,
      -0.5001303389990178
    ],
    [
      0.037700116634368896,
      0.857101559638977,
      -0.44562700390815735,
      -0.824380056910374,
      -0.7804395363217388,
      -0.47609708800295397
    ],
    [
      0.037642430514097214,
      0.8566874265670776,
      -0.44549331068992615,
      -0.8945260301637783,
      -0.7830887191797632,
      -0.4556871886313238
    ],
    [
      0.037573885172605515,
      0.8564748167991638,
      -0.44543319940567017,
      -0.9459956404901599,
      -0.7913674701767934,
      -0.44279160438502063
    ],
    [
      0.03756381943821907,
      0.8563173413276672,
      -0.4453791677951813,
      -0.926556414616468,
      -0.8131121158187912,
      -0.4491052821513468
    ],
    [
      0.03759016469120979,
      0.8561777472496033,
      -0.4454323947429657,
      -0.8652842004447733,
      -0.8395557100227993,
      -0.47330763565354905
    ],
    [
      0.037666864693164825,
      0.8561532497406006,
      -0.44546788930892944,
      -0.8212048591359403,
      -0.8532810736098504,
      -0.4873099021271528
    ],
    [
      0.04023592919111252,
      0.8571630716323853,
      -0.44781458377838135,
      -0.8304457934766099,
      -0.8282036672833986,
      -0.4787434959291859
    ],
    [
      0.04470100253820419,
      0.8588681221008301,
      -0.45206671953201294,
      -0.8719695903891773,
      -0.7758291594445156,
      -0.45905259293487766
    ],
    [
      0.04965649172663689,
      0.8598840832710266,
      -0.45674723386764526,
      -0.9143301629833691,
      -0.7249159466739203,
      -0.4450133184066342
    ],
    [
      0.05421224609017372,
      0.8598724603652954,
      -0.46048083901405334,
      -0.9630226136359604,
      -0.6892346861887512,
      -0.429722434171287
    ],
    [
      0.057545069605112076,
      0.8595256805419922,
      -0.46269506216049194,
      -1.0025948095751387,
      -0.6656706401437222,
      -0.41574377284774056
    ],
    [
      0.05887370556592941,
      0.8590537309646606,
      -0.4638057053089142,
      -1.0246209099720236,
      -0.6520935216461511,
      -0.40523625083270054
    ],
    [
      0.058740753680467606,
      0.8593916296958923,
      -0.4627903401851654,
      -1.0336566674326464,
      -0.6412816678927681,
      -0.4014766465600679
    ],
    [
      0.05760600045323372,
      0.8593761920928955,
      -0.46129220724105835,
      -1.0189047460319298,
      -0.650877643100823,
      -0.3961580712277227
    ],
    [
      0.05619541555643082,
      0.8590334057807922,
      -0.46003457903862,
      -0.9567617353846875,
      -0.685213542430788,
      -0.3991099828743603
    ],
    [
      0.053524501621723175,
      0.858769416809082,
      -0.4577278792858124,
      -0.871053789190103,
      -0.7222462061208939,
      -0.415517893002127
    ],
    [
      0.05010521039366722,
      0.8583865761756897,
      -0.45504316687583923,
      -0.8104753446145869,
      -0.7422475302824517,
      -0.44002628612186695
    ],
    [
      0.04746042191982269,
      0.8577497601509094,
      -0.4529927372932434,
      -0.7909611688187909,
      -0.7414008831214214,
      -0.4690862610837982
    ],
    [
      0.04520383104681969,
      0.8569231629371643,
      -0.4523391127586365,
      -0.798988144480574,
      -0.7224314722389024,
      -0.5192957439106298
    ],
    [
      0.04368986561894417,
      0.8569614291191101,
      -0.45228874683380127,
      -0.8231842516389016,
      -0.6965591752749491,
      -0.5890189831650717
    ],
    [
      0.043158676475286484,
      0.8576896786689758,
      -0.4522870182991028,
      -0.836531270874668,
      -0.6794930033399181,
      -0.66349080235412
    ],
    [
      0.04314827919006348,
      0.8584118485450745,
      -0.4525810480117798,
      -0.8035658309843312,
      -0.6767961905847706,
      -0.7428909278458102
    ],
    [
      0.04344704747200012,
      0.8590391278266907,
      -0.45316648483276367,
      -0.7404035523560298,
      -0.6941194434240872,
      -0.8149953678593466
    ],
    [
      0.04503114894032478,
      0.8602665662765503,
      -0.4547978639602661,
      -0.6279224857774214,
      -0.7445060202299686,
      -0.8749729643350335
    ],
    [
      0.048930972814559937,
      0.8623067140579224,
      -0.4570927619934082,
      -0.4488125878587818,
      -0.817356605565038,
      -0.9204788120026682
    ],
    [
      0.0540253221988678,
      0.8635590672492981,
      -0.46043887734413147,
      -0.2604901530338547,
      -0.901023995459709,
      -0.9451117279029307
    ],
    [
      0.05909452214837074,
      0.8627123832702637,
      -0.4648163318634033,
      -0.11286116990584594,
      -0.9899250028760854,
      -0.9341759294068279
    ],
    [
      0.06430521607398987,
      0.8600687384605408,
      -0.47051340341567993,
      -0.02725567247098627,
      -1.0699305661352092,
      -0.8764804383489552
    ],
    [
      0.06956828385591507,
      0.8556188941001892,
      -0.478203684091568,
      -0.013529890627352912,
      -1.1321348961362137,
      -0.7697565379439557
    ],
    [
      0.0732087716460228,
      0.8513761162757874,
      -0.4847360849380493,
      -0.06253537040243809,
      -1.1855146377731443,
      -0.6217751403460129
    ],
    [
      0.07462270557880402,
      0.8481157422065735,
      -0.4886411130428314,
      -0.12343792906613178,
      -1.228343577475982,
      -0.47771989375654644
    ],
    [
      0.07479818165302277,
      0.8457810282707214,
      -0.4916236996650696,
      -0.16269468909825738,
      -1.2610517989590375,
      -0.375163377458721
    ],
    [
      0.07443354278802872,
      0.8446099162101746,
      -0.49290353059768677,
      -0.18085798690460136,
      -1.2775583307525857,
      -0.3188477857886998
    ],
    [
      0.07366911321878433,
      0.8437911868095398,
      -0.4934138357639313,
      -0.1924544309688929,
      -1.2876267425244143,
      -0.28569559518751164
    ]
  ],
  "left_hand_xyzrpy": [
    [
      -0.20747153460979462,
      0.8700087070465088,
      -0.4107658267021179,
      1.8758355562639433,
      1.192212593518046,
      -0.5669432519745254
    ],
    [
      -0.20747153460979462,
      0.8700087070465088,
      -0.4107658267021179,
      1.8758355562639433,
      1.192212593518046,
      -0.5669432519745254
    ],
    [
      -0.20762310922145844,
      0.8699797987937927,
      -0.4107515811920166,
      1.8565439850095962,
      1.158370494624658,
      -0.550686893406187
    ],
    [
      -0.2077663242816925,
      0.8700140118598938,
      -0.41077858209609985,
      1.8379069946444748,
      1.113862485466173,
      -0.5318696846228845
    ],
    [
      -0.20793260633945465,
      0.870079517364502,
      -0.41078829765319824,
      1.8245330715388206,
      1.0786747347478824,
      -0.5244691150362865
    ],
    [
      -0.2079700529575348,
      0.8701035380363464,
      -0.410762757062912,
      1.812493615111409,
      1.0569915357524051,
      -0.5305675050265489
    ],
    [
      -0.2079494148492813,
      0.8701899647712708,
      -0.41080427169799805,
      1.803910499918403,
      1.0459597852443552,
      -0.539494133658166
    ],
    [
      -0.20675714313983917,
      0.8709902763366699,
      -0.41085711121559143,
      1.8184533042323894,
      1.0482602955625844,
      -0.5531672543592563
    ],
    [
      -0.20415900647640228,
      0.8721202611923218,
      -0.41110458970069885,
      1.838413629038262,
      1.0562112028245183,
      -0.57438492099253
    ],
    [
      -0.2010018527507782,
      0.8727622628211975,
      -0.4119061529636383,
      1.8501426390626614,
      1.0630868916327452,
      -0.5949171666198444
    ],
    [
      -0.1978440135717392,
      0.8729924559593201,
      -0.41258397698402405,
      1.8687384941712966,
      1.0727540780784872,
      -0.6019590522450382
    ],
    [
      -0.19548633694648743,
      0.8726872801780701,
      -0.4128889739513397,
      1.8909444438275078,
      1.0823719035024875,
      -0.5969095024380128
    ],
    [
      -0.1935778707265854,
      0.8724572062492371,
      -0.4128624498844147,
      1.9161888566988983,
      1.0914315866735154,
      -0.5822471410120073
    ],
    [
      -0.19243130087852478,
      0.8723545074462891,
      -0.41282790899276733,
      1.933400617149842,
      1.0990990484974084,
      -0.5704401448953391
    ],
    [
      -0.1915092021226883,
      0.8724454641342163,
      -0.4125722646713257,
      1.9447028747067348,
      1.1074495974241987,
      -0.5681305735356085
    ],
    [
      -0.19083844125270844,
      0.8726227879524231,
      -0.4123183488845825,
      1.9501174691913197,
      1.1144946058731293,
      -0.5718580791044019
    ],
    [
      -0.1905144453048706,
      0.8726955652236938,
      -0.4121381342411041,
      1.951031800644008,
      1.1190165946630701,
      -0.5755510075078069
    ],
    [
      -0.19035109877586365,
      0.8726851344108582,
      -0.41205769777297974,
      1.9582919977044713,
      1.1223264590660391,
      -0.5727480062825476
    ],
    [
      -0.19023478031158447,
      0.8727027177810669,
      -0.4120166599750519,
      1.9670777112343045,
      1.1244441512044308,
      -0.5679544158245194
    ],
    [
      -0.1901717185974121,
      0.8727002143859863,
      -0.4119457006454468,
      1.971837593639319,
      1.125669493499282,
      -0.5647540971602149
    ],
    [
      -0.19012759625911713,
      0.8726658225059509,
      -0.41189444065093994,
      1.9731813416284616,
      1.1260409105494182,
      -0.5639639064911319
    ],
    [
      -0.19006699323654175,
      0.8726948499679565,
      -0.4118686318397522,
      1.974472275420403,
      1.126274128853826,
      -0.563346251425833
    ],
    [
      -0.1900150030851364,
      0.8726754188537598,
      -0.41186290979385376,
      1.9756494976973702,
      1.1263832249709622,
      -0.5627847256216103
    ],
    [
      -0.19003024697303772,
      0.8726890683174133,
      -0.41185829043388367,
      1.9766536956941119,
      1.1267564478376184,
      -0.5619788703029821
    ],
    [
      -0.18998967111110687,
      0.8727129101753235,
      -0.4118165075778961,
      1.977768746241457,
      1.1269759968920883,
      -0.5611012034184852
    ],
    [
      -0.18997865915298462,
      0.8726809024810791,
      -0.4118122160434723,
      1.978067504853496,
      1.1271521812895424,
      -0.560775232810389
    ],
    [
      -0.18994858860969543,
      0.8726656436920166,
      -0.41179484128952026,
      1.9783301627606538,
      1.1270906689936158,
      -0.5606320316753978
    ],
    [
      -0.18993055820465088,
      0.8726168870925903,
      -0.4118373692035675,
      1.9786564303751202,
      1.1272771743616585,
      -0.5600278581521032
    ],
    [
      -0.189875066280365,
      0.8726397156715393,
      -0.4118127226829529,
      1.9793465405052637,
      1.1273913634412385,
      -0.5593975905528039
    ],
    [
      -0.1898365467786789,
      0.8726741671562195,
      -0.4118156433105469,
      1.9798616092044266,
      1.1275091931182057,
      -0.5588701128304426
    ],
    [
      -0.1897951364517212,
      0.8726716637611389,
      -0.41179466247558594,
      1.9803732543172283,
      1.127525591546534,
      -0.5583971550997954
    ],
    [
      -0.189792662858963,
      0.8726329207420349,
      -0.41181352734565735,
      1.980158108467525,
      1.127540322821012,
      -0.5582283774706743
    ],
    [
      -0.18970471620559692,
      0.8726401925086975,
      -0.4118082523345947,
      1.9803841435399598,
      1.1273574650344844,
      -0.5579139917007832
    ],
    [
      -0.18971408903598785,
      0.8726205229759216,
      -0.4118598997592926,
      1.9799786366497174,
      1.12728953657447,
      -0.5574832453068351
    ],
    [
      -0.18971170485019684,
      0.8725759387016296,
      -0.41187456250190735,
      1.980059080483529,
      1.1270896970799156,
      -0.5566402063378831
    ],
    [
      -0.1897026151418686,
      0.8726056218147278,
      -0.41188544034957886,
      1.9805750676624199,
      1.1269171444719235,
      -0.5561626619941733
    ],
    [
      -0.1897103637456894,
      0.872581422328949,
      -0.4118272662162781,
      1.9809418298921646,
      1.1268725935922577,
      -0.5556950573447139
    ],
    [
      -0.18964435160160065,
      0.8725599050521851,
      -0.4117812514305115,
      1.9814134853275882,
      1.126699287341651,
      -0.5551780161227101
    ],
    [
      -0.1896955519914627,
      0.8724914193153381,
      -0.41175997257232666,
      1.9825601957133898,
      1.1264990023152273,
      -0.5535366163405573
    ],
    [
      -0.18970522284507751,
      0.872463583946228,
      -0.41179147362709045,
      1.9837280569589022,
      1.1261636719688795,
      -0.5519908888006652
    ],
    [
      -0.189723938703537,
      0.8724111318588257,
      -0.411810040473938,
      1.9843125077628154,
      1.1257742974239255,
      -0.5511942580898183
    ],
    [
      -0.18972283601760864,
      0.8724074363708496,
      -0.4117911159992218,
      1.9845177864586212,
      1.1256246439012556,
      -0.5507058556478674
    ],
    [
      -0.1897316724061966,
      0.8723657131195068,
      -0.41182371973991394,
      1.9850012757205535,
      1.1254248098984174,
      -0.549744757733545
    ],
    [
      -0.1897696703672409,
      0.872345507144928,
      -0.4118672311306,
      1.985725469750377,
      1.1252640623743881,
      -0.548644411897332
    ],
    [
      -0.1897667944431305,
      0.8723456263542175,
      -0.4119042158126831,
      1.986236298925979,
      1.125043779522331,
      -0.5480104195531877
    ],
    [
      -0.18978847563266754,
      0.8723730444908142,
      -0.4119320809841156,
      1.9869957171197563,
      1.1249170211865531,
      -0.5471650540794021
    ],
    [
      -0.1898166984319687,
      0.8723679780960083,
      -0.41207456588745117,
      1.9872438082010417,
      1.1246747947764357,
      -0.5469368828105969
    ],
    [
      -0.18984489142894745,
      0.8723804950714111,
      -0.4120764434337616,
      1.9872141226069866,
      1.1248736242038275,
      -0.5468470038749715
    ],
    [
      -0.18989968299865723,
      0.8723223209381104,
      -0.41213101148605347,
      1.987934152525674,
      1.124671617492864,
      -0.5462295151591331
    ],
    [
      -0.1898900270462036,
      0.8723464012145996,
      -0.41216954588890076,
      1.988151798657373,
      1.1246076618815695,
      -0.5462701388745632
    ],
    [
      -0.189908966422081,
      0.8723264932632446,
      -0.4122127294540405,
      1.9892935371466294,
      1.1244157082615902,
      -0.5453557922992146
    ],
    [
      -0.18989986181259155,
      0.8723595142364502,
      -0.4122333824634552,
      1.990138749692461,
      1.1244782573501317,
      -0.5447418144695009
    ],
    [
      -0.1899310201406479,
      0.8723185658454895,
      -0.4122413992881775,
      1.9903202941684224,
      1.1244971755721744,
      -0.5446654744971331
    ],
    [
      -0.1899522989988327,
      0.8723161816596985,
      -0.41226279735565186,
      1.990704379912816,
      1.1244589256330944,
      -0.5444124960276376
    ],
    [
      -0.1899424046278,
      0.8722928762435913,
      -0.41224923729896545,
      1.9908323696402195,
      1.1244445654345334,
      -0.5443789196606267
    ],
    [
      -0.18998660147190094,
      0.8722689747810364,
      -0.4122242033481598,
      1.990870704792407,
      1.1240735589048754,
      -0.5436899637799716
    ],
    [
      -0.19003131985664368,
      0.8722442984580994,
      -0.41223832964897156,
      1.9901609044286048,
      1.123738133760953,
      -0.5438321661486878
    ],
    [
      -0.19013802707195282,
      0.8722330331802368,
      -0.4122735857963562,
      1.9886732135676843,
      1.123324692196215,
      -0.5449520145796736
    ],
    [
      -0.19122160971164703,
      0.8721635937690735,
      -0.41236642003059387,
      1.9828678352982778,
      1.1241168833841342,
      -0.549059244642342
    ],
    [
      -0.19718170166015625,
      0.8718998432159424,
      -0.4125101864337921,
      1.9614684365624948,
      1.1306077184218046,
      -0.5648755212910922
    ],
    [
      -0.20462565124034882,
      0.8723307847976685,
      -0.41214537620544434,
      1.9190886706692605,
      1.1418536443535283,
      -0.5945561281873479
    ],
    [
      -0.2132306694984436,
      0.8729296922683716,
      -0.41032087802886963,
      1.8355153082739897,
      1.1655343338661923,
      -0.6478903872438696
    ],
    [
      -0.222052663564682,
      0.8723178505897522,
      -0.40811899304389954,
      1.728778970206206,
      1.1968238035883323,
      -0.7274944098376861
    ]
  ],
  "instrinsic": [
    [
      736.6339111328125,
      0.0,
      960.0
    ],
    [
      0.0,
      736.6339111328125,
      540.0
    ],
    [
      0.0,
      0.0,
      1.0
    ]
  ],
  "extrinsics": [
    [
      [
        0.8942015767097473,
        0.19617405533790588,
        -0.40239161252975464,
        0.018150443211197853
      ],
      [
        0.027849998325109482,
        -0.9215059876441956,
        -0.3873642086982727,
        1.0614522695541382
      ],
      [
        -0.44679713249206543,
        0.3351750373840332,
        -0.8294756412506104,
        -0.15641872584819794
      ],
      [
        0.0,
        0.0,
        0.0,
        1.0
      ]
    ],
    [
      [
        0.8942015767097473,
        0.19617405533790588,
        -0.40239161252975464,
        0.018150443211197853
      ],
      [
        0.027849998325109482,
        -0.9215059876441956,
        -0.3873642086982727,
        1.0614522695541382
      ],
      [
        -0.44679713249206543,
        0.3351750373840332,
        -0.8294756412506104,
        -0.15641872584819794
      ],
      [
        0.0,
        0.0,
        0.0,
        1.0
      ]
    ],
    [
      [
        0.8931623101234436,
        0.1966414898633957,
        -0.40446609258651733,
        0.017857909202575684
      ],
      [
        0.02810407057404518,
        -0.9219914674758911,
        -0.38618889451026917,
        1.0616596937179565
      ],
      [
        -0.44885513186454773,
        0.3335621953010559,
        -0.8290145993232727,
        -0.15631690621376038
      ],
      [
        0.0,
        0.0,
        0.0,
        1.0
      ]
    ],
    [
      [
        0.8923232555389404,
        0.19664712250232697,
        -0.40631115436553955,
        0.01757802441716194
      ],
      [
        0.02766735665500164,
        -0.922254204750061,
        -0.38559240102767944,
        1.0617643594741821
      ],
      [
        -0.45054781436920166,
        0.3328314423561096,
        -0.8283897638320923,
        -0.15621237456798553
      ],
      [
        0.0,
        0.0,
        0.0,
        0.9999999403953552
      ]
    ],
    [
      [
        0.8916301131248474,
        0.19725406169891357,
        -0.407537043094635,
        0.017369259148836136
      ],
      [
        0.02801176905632019,
        -0.9224170446395874,
        -0.3851783275604248,
        1.0618140697479248
      ],
      [
        -0.4518970251083374,
        0.3320206105709076,
        -0.8279802203178406,
        -0.15619906783103943
      ],
      [
        0.0,
        0.0,
        0.0,
        0.9999999403953552
      ]
    ],
    [
      [
        0.8910708427429199,
        0.19798630475997925,
        -0.40840426087379456,
        0.017237260937690735
      ],
      [
        0.02847260795533657,
        -0.9224507212638855,
        -0.38506343960762024,
        1.061783790588379
      ],
      [
        -0.45297014713287354,
        0.3314903676509857,
        -0.8276062607765198,
        -0.15624390542507172
      ],
      [
        0.0,
        0.0,
        0.0,
        1.0
      ]
    ],
    [
      [
        0.8904384970664978,
        0.19845856726169586,
        -0.4095526337623596,
        0.017136598005890846
      ],
      [
        0.028514504432678223,
        -0.9224717617034912,
        -0.38501036167144775,
        1.0617574453353882
      ],
      [
        -0.45420926809310913,
        0.3311498463153839,
        -0.8270633220672607,
        -0.1563381403684616
      ],
      [
        0.0,
        0.0,
        0.0,
        1.0
      ]
    ],
    [
      [
        0.8898429870605469,
        0.19819527864456177,
        -0.41097182035446167,
        0.017077451571822166
      ],
      [
        0.027733486145734787,
        -0.9225568175315857,
        -0.3848632872104645,
        1.061787486076355
      ],
      [
        -0.45542290806770325,
        0.33107027411460876,
        -0.8264274597167969,
        -0.15649060904979706
      ],
      [
        0.0,
        0.0,
        0.0,
        1.0
      ]
    ],
    [
      [
        0.8896967768669128,
        0.19754189252853394,
        -0.41160252690315247,
        0.017174629494547844
      ],
      [
        0.02646418660879135,
        -0.9223446249961853,
        -0.3854607343673706,
        1.0617707967758179
      ],
      [
        -0.45578399300575256,
        0.3320504426956177,
        -0.8258348703384399,
        -0.15664571523666382
      ],
      [
        0.0,
        0.0,
        0.0,
        0.9999999403953552
      ]
    ],
    [
      [
        0.8899621963500977,
        0.19732436537742615,
        -0.4111325144767761,
        0.017421770840883255
      ],
      [
        0.026078803464770317,
        -0.9220854640007019,
        -0.38610631227493286,
        1.061750888824463
      ],
      [
        -0.45528751611709595,
        0.3328981399536133,
        -0.825767457485199,
        -0.156882181763649
      ],
      [
        0.0,
        0.0,
        0.0,
        1.0
      ]
    ],
    [
      [
        0.8903574347496033,
        0.19696931540966034,
        -0.41044655442237854,
        0.017707517370581627
      ],
      [
        0.02586193010210991,
        -0.9219884872436523,
        -0.38635262846946716,
        1.0617480278015137
      ],
      [
        -0.4545266926288605,
        0.3333769738674164,
        -0.8259933590888977,
        -0.15721161663532257
      ],
      [
        0.0,
        0.0,
        0.0,
        1.0
      ]
    ],
    [
      [
        0.8906328082084656,
        0.1962537318468094,
        -0.4101918637752533,
        0.017989864572882652
      ],
      [
        0.0249828789383173,
        -0.921826183795929,
        -0.3867977261543274,
        1.0616834163665771
      ],
      [
        -0.454036146402359,
        0.3342469036579132,
        -0.8259116411209106,
        -0.1575579047203064
      ],
      [
        0.0,
        0.0,
        0.0,
        0.9999999403953552
      ]
    ],
    [
      [
        0.8910177946090698,
        0.19528530538082123,
        -0.4098179340362549,
        0.018336376175284386
      ],
      [
        0.023342477157711983,
        -0.9212602376937866,
        -0.38824567198753357,
        1.0614736080169678
      ],
      [
        -0.4533677101135254,
        0.3363676071166992,
        -0.8254177570343018,
        -0.1578875184059143
      ],
      [
        0.0,
        0.0,
        0.0,
        1.0
      ]
    ],
    [
      [
        0.8917878866195679,
        0.1938437968492508,
        -0.4088258743286133,
        0.01873733103275299
      ],
      [
        0.02106873132288456,
        -0.9203867316246033,
        -0.39044108986854553,
        1.0611711740493774
      ],
      [
        -0.45196259021759033,
        0.33957719802856445,
        -0.8248739838600159,
        -0.15819376707077026
      ],
      [
        0.0,
        0.0,
        0.0,
        1.0
      ]
    ],
    [
      [
        0.8927971124649048,
        0.1922193467617035,
        -0.4073876738548279,
        0.019113145768642426
      ],
      [
        0.018958106637001038,
        -0.91961669921875,
        -0.3923593759536743,
        1.0609204769134521
      ],
      [
        -0.45005953311920166,
        0.34257400035858154,
        -0.8246752619743347,
        -0.15847714245319366
      ],
      [
        0.0,
        0.0,
        0.0,
        1.0
      ]
    ],
    [
      [
        0.8935974836349487,
        0.19092167913913727,
        -0.4062414765357971,
        0.01939435489475727
      ],
      [
        0.017604166641831398,
        -0.9192439317703247,
        -0.39329463243484497,
        1.060787320137024
      ],
      [
        -0.4485234320163727,
        0.344295471906662,
        -0.8247951865196228,
        -0.15870995819568634
      ],
      [
        0.0,
        0.0,
        0.0,
        0.9999999403953552
      ]
    ],
    [
      [
        0.8942587971687317,
        0.18966840207576752,
        -0.40537229180336,
        0.019596287980675697
      ],
      [
        0.016377165913581848,
        -0.919020414352417,
        -0.39386940002441406,
        1.060683250427246
      ],
      [
        -0.44725000858306885,
        0.3455823063850403,
        -0.8249484896659851,
        -0.1587906926870346
      ],
      [
        0.0,
        0.0,
        0.0,
        1.0
      ]
    ],
    [
      [
        0.8951804637908936,
        0.18852627277374268,
        -0.40386804938316345,
        0.0198181364685297
      ],
      [
        0.015574262477457523,
        -0.918813943862915,
        -0.3943833112716675,
        1.0605943202972412
      ],
      [
        -0.4454312026500702,
        0.3467542827129364,
        -0.8254407048225403,
        -0.1587400585412979
      ],
      [
        0.0,
        0.0,
        0.0,
        1.0
      ]
    ],
    [
      [
        0.896052896976471,
        0.18777573108673096,
        -0.4022803008556366,
        0.01998782902956009
      ],
      [
        0.015816370025277138,
        -0.9190716743469238,
        -0.3937729299068451,
        1.0606932640075684
      ],
      [
        -0.44366541504859924,
        0.34647873044013977,
        -0.8265067934989929,
        -0.15867669880390167
      ],
      [
        0.0,
        0.0,
        0.0,
        1.0
      ]
    ],
    [
      [
        0.8962307572364807,
        0.18723584711551666,
        -0.4021351635456085,
        0.01993599161505699
      ],
      [
        0.016107628121972084,
        -0.9196904301643372,
        -0.39231330156326294,
        1.060956358909607
      ],
      [
        -0.44329509139060974,
        0.3451257348060608,
        -0.827271044254303,
        -0.15856482088565826
      ],
      [
        0.0,
        0.0,
        0.0,
        0.9999998807907104
      ]
    ],
    [
      [
        0.8956783413887024,
        0.18726590275764465,
        -0.4033503234386444,
        0.019697587937116623
      ],
      [
        0.016282927244901657,
        -0.9202142953872681,
        -0.3910757899284363,
        1.0611933469772339
      ],
      [
        -0.4444039463996887,
        0.34371039271354675,
        -0.8272655010223389,
        -0.15837940573692322
      ],
      [
        0.0,
        0.0,
        0.0,
        0.9999999403953552
      ]
    ],
    [
      [
        0.8948945999145508,
        0.1882440447807312,
        -0.4046325981616974,
        0.019461700692772865
      ],
      [
        0.016899747774004936,
        -0.9203283190727234,
        -0.39078131318092346,
        1.0612404346466064
      ],
      [
        -0.44595712423324585,
        0.34286996722221375,
        -0.8267782926559448,
        -0.15814535319805145
      ],
      [
        0.0,
        0.0,
        0.0,
        1.0
      ]
    ],
    [
      [
        0.8942161798477173,
        0.18962743878364563,
        -0.4054853022098541,
        0.01930198073387146
      ],
      [
        0.017902692779898643,
        -0.9202648997306824,
        -0.3908860385417938,
        1.061200499534607
      ],
      [
        -0.44727665185928345,
        0.34227752685546875,
        -0.8263108134269714,
        -0.15797992050647736
      ],
      [
        0.0,
        0.0,
        0.0,
        0.9999999403953552
      ]
    ],
    [
      [
        0.8937364816665649,
        0.1908450871706009,
        -0.4059717655181885,
        0.019212881103157997
      ],
      [
        0.018651539459824562,
        -0.9200171232223511,
        -0.39143410325050354,
        1.0611371994018555
      ],
      [
        -0.4482041895389557,
        0.3422669470310211,
        -0.8258124589920044,
        -0.1578693687915802
      ],
      [
        0.0,
        0.0,
        0.0,
        1.0
      ]
    ],
    [
      [
        0.8934714794158936,
        0.19142930209636688,
        -0.40627986192703247,
        0.01916779763996601
      ],
      [
        0.01892011985182762,
        -0.9198538064956665,
        -0.3918048143386841,
        1.0611408948898315
      ],
      [
        -0.4487209618091583,
        0.342379629611969,
        -0.825485110282898,
        -0.15782226622104645
      ],
      [
        0.0,
        0.0,
        0.0,
        1.0
      ]
    ],
    [
      [
        0.8932057619094849,
        0.19137495756149292,
        -0.40688925981521606,
        0.01910090632736683
      ],
      [
        0.018842030316591263,
        -0.9200416207313538,
        -0.39136722683906555,
        1.0612872838974
      ],
      [
        -0.4492529034614563,
        0.341904878616333,
        -0.8253924250602722,
        -0.15786264836788177
      ],
      [
        0.0,
        0.0,
        0.0,
        1.0
      ]
    ],
    [
      [
        0.8927693367004395,
        0.19136285781860352,
        -0.40785160660743713,
        0.019037852063775063
      ],
      [
        0.018758773803710938,
        -0.9203081727027893,
        -0.39074400067329407,
        1.0614407062530518
      ],
      [
        -0.4501231014728546,
        0.34119340777397156,
        -0.8252127170562744,
        -0.1579434871673584
      ],
      [
        0.0,
        0.0,
        0.0,
        0.9999999403953552
      ]
    ],
    [
      [
        0.8926419019699097,
        0.19107961654663086,
        -0.40826308727264404,
        0.019060323014855385
      ],
      [
        0.018040098249912262,
        -0.9201271533966064,
        -0.3912040591239929,
        1.0614080429077148
      ],
      [
        -0.4504050612449646,
        0.34184005856513977,
        -0.8247911930084229,
        -0.15797002613544464
      ],
      [
        0.0,
        0.0,
        0.0,
        1.0
      ]
    ],
    [
      [
        0.8931196928024292,
        0.1905873417854309,
        -0.4074476659297943,
        0.019216811284422874
      ],
      [
        0.017353001981973648,
        -0.919727623462677,
        -0.3921734392642975,
        1.0612599849700928
      ],
      [
        -0.449484258890152,
        0.3431873023509979,
        -0.824734091758728,
        -0.15800568461418152
      ],
      [
        0.0,
        0.0,
        0.0,
        0.9999999403953552
      ]
    ],
    [
      [
        0.8939498066902161,
        0.190162792801857,
        -0.40582212805747986,
        0.019451960921287537
      ],
      [
        0.017172759398818016,
        -0.9193850755691528,
        -0.3929833173751831,
        1.0611176490783691
      ],
      [
        -0.4478377103805542,
        0.34433823823928833,
        -0.8251498937606812,
        -0.1580658257007599
      ],
      [
        0.0,
        0.0,
        0.0,
        0.9999998807907104
      ]
    ],
    [
      [
        0.8945812582969666,
        0.18980500102043152,
        -0.4045965373516083,
        0.01961112767457962
      ],
      [
        0.017262719571590424,
        -0.9193296432495117,
        -0.3931090235710144,
        1.061071515083313
      ],
      [
        -0.4465717077255249,
        0.344683438539505,
        -0.8256917595863342,
        -0.15812213718891144
      ],
      [
        0.0,
        0.0,
        0.0,
        1.0
      ]
    ],
    [
      [
        0.8947106599807739,
        0.18969786167144775,
        -0.40436065196990967,
        0.019640693441033363
      ],
      [
        0.017261512577533722,
        -0.9193358421325684,
        -0.3930947780609131,
        1.0610498189926147
      ],
      [
        -0.44631248712539673,
        0.3447261452674866,
        -0.8258141279220581,
        -0.15806801617145538
      ],
      [
        0.0,
        0.0,
        0.0,
        1.0
      ]
    ],
    [
      [
        0.89439457654953,
        0.1899893432855606,
        -0.4049220085144043,
        0.01956726796925068
      ],
      [
        0.017406240105628967,
        -0.9194009900093079,
        -0.3929359018802643,
        1.0610566139221191
      ],
      [
        -0.4469394087791443,
        0.34439152479171753,
        -0.8256144523620605,
        -0.15793967247009277
      ],
      [
        0.0,
        0.0,
        0.0,
        0.9999998807907104
      ]
    ],
    [
      [
        0.893987774848938,
        0.19042743742465973,
        -0.4056144058704376,
        0.019471408799290657
      ],
      [
        0.017487499862909317,
        -0.9193426966667175,
        -0.3930690586566925,
        1.061033010482788
      ],
      [
        -0.4477497339248657,
        0.34430572390556335,
        -0.825211226940155,
        -0.15776078402996063
      ],
      [
        0.0,
        0.0,
        0.0,
        0.9999999403953552
      ]
    ],
    [
      [
        0.8935738801956177,
        0.1910325437784195,
        -0.4062412977218628,
        0.019382338970899582
      ],
      [
        0.017700251191854477,
        -0.9192278981208801,
        -0.3933277726173401,
        1.06100332736969
      ],
      [
        -0.448566734790802,
        0.34427687525749207,
        -0.8247794508934021,
        -0.15758582949638367
      ],
      [
        0.0,
        0.0,
        0.0,
        1.0
      ]
    ],
    [
      [
        0.8933254480361938,
        0.19142292439937592,
        -0.4066038131713867,
        0.01931929588317871
      ],
      [
        0.01770450919866562,
        -0.9190377593040466,
        -0.3937716484069824,
        1.0609385967254639
      ],
      [
        -0.44906121492385864,
        0.3445674479007721,
        -0.8243889808654785,
        -0.1574004739522934
      ],
      [
        0.0,
        0.0,
        0.0,
        1.0
      ]
    ],
    [
      [
        0.8933460116386414,
        0.1915012001991272,
        -0.4065220057964325,
        0.019291836768388748
      ],
      [
        0.01754169724881649,
        -0.9188218116760254,
        -0.3942827880382538,
        1.060848593711853
      ],
      [
        -0.449026882648468,
        0.34509992599487305,
        -0.8241849541664124,
        -0.15722902119159698
      ],
      [
        0.0,
        0.0,
        0.0,
        1.0
      ]
    ],
    [
      [
        0.893527090549469,
        0.19173020124435425,
        -0.40601521730422974,
