{
  "task": "add remove lid",
  "instruction": "add remove lid",
  "right_hand_xyzrpy": [
    [
      0.12381875514984131,
      1.2657134532928467,
      -0.3396081328392029,
      -0.5809019526977347,
      -1.1598439360637078,
      -0.6466745843610656
    ],
    [
      0.12381875514984131,
      1.2657134532928467,
      -0.3396081328392029,
      -0.5809019526977347,
      -1.1598439360637078,
      -0.6466745843610656
    ],
    [
      0.12385014444589615,
      1.2656927108764648,
      -0.33972442150115967,
      -0.5810167947265527,
      -1.1597602403169807,
      -0.6473488768248825
    ],
    [
      0.12386325001716614,
      1.2657049894332886,
      -0.339767187833786,
      -0.5961591608210055,
      -1.1618186585325811,
      -0.6350758920986151
    ],
    [
      0.12388746440410614,
      1.265761137008667,
      -0.3398337662220001,
      -0.613169729972008,
      -1.1642806053189219,
      -0.6214005434457701
    ],
    [
      0.12390457838773727,
      1.2657675743103027,
      -0.3398889899253845,
      -0.6226928881807708,
      -1.1656628571675112,
      -0.6137450413274478
    ],
    [
      0.12390390038490295,
      1.2657641172409058,
      -0.3399597704410553,
      -0.6269897995174364,
      -1.166371939775441,
      -0.6103693841255341
    ],
    [
      0.12387154996395111,
      1.2657550573349,
      -0.34001705050468445,
      -0.6297655918012252,
      -1.1665522354201872,
      -0.6082576568505482
    ],
    [
      0.12388057261705399,
      1.2657678127288818,
      -0.3400450348854065,
      -0.6314448315470622,
      -1.1667799103933152,
      -0.6069213027778013
    ],
    [
      0.12387781590223312,
      1.265771508216858,
      -0.3401133120059967,
      -0.6326348578984601,
      -1.1671630781817748,
      -0.6057943249270071
    ],
    [
      0.12387137115001678,
      1.2657644748687744,
      -0.34020912647247314,
      -0.6340972278729075,
      -1.1675304895879506,
      -0.6044978250870269
    ],
    [
      0.12383639812469482,
      1.2657560110092163,
      -0.3402543365955353,
      -0.6354036236192889,
      -1.1677633978704998,
      -0.6034990947923197
    ],
    [
      0.1237478256225586,
      1.2657674551010132,
      -0.3402954339981079,
      -0.6363852211881973,
      -1.1680975615861422,
      -0.6029046645789469
    ],
    [
      0.12370140105485916,
      1.2658007144927979,
      -0.3403789699077606,
      -0.6231160463091964,
      -1.1775164584393794,
      -0.617614382846714
    ],
    [
      0.12227213382720947,
      1.2672721147537231,
      -0.3413902819156647,
      -0.5127704602139161,
      -1.1910308186365974,
      -0.7022204742117718
    ],
    [
      0.11927413940429688,
      1.2720400094985962,
      -0.3453660309314728,
      -0.3090929194106947,
      -1.176951623668603,
      -0.8442602804190218
    ],
    [
      0.11473958194255829,
      1.282726526260376,
      -0.3539797067642212,
      -0.09021453747019673,
      -1.1291384628835697,
      -0.9779982046205519
    ],
    [
      0.10865864157676697,
      1.3006359338760376,
      -0.3646504878997803,
      0.07168993213109824,
      -1.0665730028056861,
      -1.066901674318822
    ],
    [
      0.10162847489118576,
      1.3215389251708984,
      -0.37640997767448425,
      0.18103045330571294,
      -1.0078274180549391,
      -1.1160776500718659
    ],
    [
      0.09439951926469803,
      1.3412675857543945,
      -0.38905254006385803,
      0.25196617124602666,
      -0.9686391006792823,
      -1.1343258142452004
    ],
    [
      0.0867750346660614,
      1.3586260080337524,
      -0.4032144248485565,
      0.29522087617207066,
      -0.9542109227972938,
      -1.1316795219164455
    ],
    [
      0.07914092391729355,
      1.3748109340667725,
      -0.41858386993408203,
      0.3216629038435554,
      -0.9648481064424657,
      -1.1118427982739758
    ],
    [
      0.0716826319694519,
      1.3888784646987915,
      -0.432284951210022,
      0.33501160181899703,
      -1.0095800223852784,
      -1.0675660679414856
    ],
    [
      0.06474721431732178,
      1.3971467018127441,
      -0.44652536511421204,
      0.3336786869074195,
      -1.0899517686081055,
      -0.9942204774562039
    ],
    [
      0.05840213969349861,
      1.4017714262008667,
      -0.46070459485054016,
      0.2899590062716143,
      -1.188666673339612,
      -0.8752972405479243
    ],
    [
      0.05353400111198425,
      1.4033849239349365,
      -0.47360876202583313,
      0.14128914019374278,
      -1.2817888137671334,
      -0.6629887885129611
    ],
    [
      0.051333237439394,
      1.400915503501892,
      -0.48366019129753113,
      -0.16496967632418347,
      -1.3466307691617867,
      -0.3021577581575458
    ],
    [
      0.049979060888290405,
      1.3958041667938232,
      -0.49132993817329407,
      -0.5342489347170438,
      -1.3610046100220385,
      0.10984438583355793
    ],
    [
      0.04825086519122124,
      1.3906697034835815,
      -0.49529626965522766,
      -0.6925408869829547,
      -1.353263641571421,
      0.29951458176281176
    ],
    [
      0.04616865888237953,
      1.3888130187988281,
      -0.4966306984424591,
      -0.6759719311657361,
      -1.3562950298854073,
      0.3070418022382577
    ],
    [
      0.04428568482398987,
      1.389848232269287,
      -0.49631571769714355,
      -0.660624973468571,
      -1.3695211534922105,
      0.3184073176876583
    ],
    [
      0.043765854090452194,
      1.389742374420166,
      -0.49667543172836304,
      -0.7082282290048412,
      -1.3873474863849338,
      0.3917328878481807
    ],
    [
      0.04392640292644501,
      1.3893150091171265,
      -0.49724364280700684,
      -0.7152519184618933,
      -1.4004248581321315,
      0.40899750128113516
    ],
    [
      0.04465905576944351,
      1.3889615535736084,
      -0.49706003069877625,
      -0.6769758671343852,
      -1.4100161549291734,
      0.3648367297616258
    ],
    [
      0.0449150986969471,
      1.3885314464569092,
      -0.49688446521759033,
      -0.5641877549280049,
      -1.4129460014104454,
      0.24326386371274614
    ],
    [
      0.045014895498752594,
      1.3879830837249756,
      -0.49710267782211304,
      -0.377242936075053,
      -1.411855814763799,
      0.04539018857553834
    ],
    [
      0.04523758217692375,
      1.3874009847640991,
      -0.4968617260456085,
      -0.19219093018711272,
      -1.4085247821739535,
      -0.15335712589825093
    ],
    [
      0.04525502771139145,
      1.3871536254882812,
      -0.4969639182090759,
      -0.054838827486614304,
      -1.4015464412356269,
      -0.3023833599329184
    ],
    [
      0.04529407620429993,
      1.3870155811309814,
      -0.4971683919429779,
      0.022586968460662885,
      -1.396223111882244,
      -0.38914859062219864
    ],
    [
      0.045325733721256256,
      1.3868885040283203,
      -0.49718350172042847,
      0.05710387278934063,
      -1.3936116927099298,
      -0.42928877197730864
    ],
    [
      0.04539502412080765,
      1.3868471384048462,
      -0.4972552955150604,
      0.0716367149897879,
      -1.3928133734945274,
      -0.44596411094393745
    ],
    [
      0.04544530063867569,
      1.3867990970611572,
      -0.49723154306411743,
      0.07695622390899794,
      -1.3920195870800185,
      -0.4520187212898632
    ],
    [
      0.04560152813792229,
      1.3867146968841553,
      -0.4970899224281311,
      0.07782417945874553,
      -1.3927541303358362,
      -0.45324540559549564
    ],
    [
      0.045695625245571136,
      1.3866684436798096,
      -0.49691441655158997,
      0.07800026631107554,
      -1.3930707691619086,
      -0.45380749989673935
    ],
    [
      0.045778267085552216,
      1.3866040706634521,
      -0.4969795048236847,
      0.07939023580274662,
      -1.393129779529799,
      -0.45535098428332405
    ],
    [
      0.04580199345946312,
      1.386522889137268,
      -0.4969838261604309,
      0.08365229446899537,
      -1.3921077623306206,
      -0.45979792253900204
    ],
    [
      0.04586908966302872,
      1.3864305019378662,
      -0.4968075156211853,
      0.10149544071272115,
      -1.3890791275608423,
      -0.47898828703626056
    ],
    [
      0.045987725257873535,
      1.3863016366958618,
      -0.496817022562027,
      0.12080295498717432,
      -1.3859701566242837,
      -0.49980010513829576
    ],
    [
      0.0460410937666893,
      1.38621985912323,
      -0.49685296416282654,
      0.13360101394883778,
      -1.3835206161516924,
      -0.5138518990256835
    ],
    [
      0.04618430882692337,
      1.3861517906188965,
      -0.4968473017215729,
      0.1417910379030945,
      -1.3821855320730483,
      -0.5227918811685109
    ],
    [
      0.04626431688666344,
      1.386054515838623,
      -0.49659550189971924,
      0.1458999800486453,
      -1.3821569231494149,
      -0.527854719898819
    ],
    [
      0.04631209000945091,
      1.3859645128250122,
      -0.4965512156486511,
      0.14998357878950513,
      -1.3822755191971403,
      -0.5327643855270545
    ],
    [
      0.04639611393213272,
      1.3858801126480103,
      -0.49643704295158386,
      0.15533777124041048,
      -1.3820558726034693,
      -0.5390643000104677
    ],
    [
      0.04647199437022209,
      1.3858026266098022,
      -0.49635860323905945,
      0.16160897006865368,
      -1.3816319159731618,
      -0.5463647027307345
    ],
    [
      0.046461135149002075,
      1.3856669664382935,
      -0.4963820278644562,
      0.16827814801929497,
      -1.3798401616252252,
      -0.5539921702109555
    ],
    [
      0.04652906209230423,
      1.3855478763580322,
      -0.49628928303718567,
      0.23743019184935316,
      -1.3684761510301173,
      -0.6389235859815898
    ],
    [
      0.04650379717350006,
      1.3854738473892212,
      -0.4963448643684387,
      0.34137600137804663,
      -1.3460408295180553,
      -0.780157380468935
    ],
    [
      0.04656335338950157,
      1.385360598564148,
      -0.4962438941001892,
      0.38945721386402654,
      -1.3234540246741744,
      -0.882206678783318
    ],
    [
      0.046545032411813736,
      1.3852859735488892,
      -0.4962027668952942,
      0.39626835507323205,
      -1.3061571979738427,
      -0.9330787318879785
    ],
    [
      0.04657666012644768,
      1.385162353515625,
      -0.4961625337600708,
      0.40420008701465565,
      -1.290509252851889,
      -0.967516979773625
    ],
    [
      0.046614013612270355,
      1.3850511312484741,
      -0.49610409140586853,
      0.41288289779583004,
      -1.2784967905594904,
      -0.9896657422314952
    ],
    [
      0.04663544148206711,
      1.384933590888977,
      -0.49605637788772583,
      0.417590784011844,
      -1.2725178096308691,
      -0.9999919687416753
    ],
    [
      0.04691705107688904,
      1.3825998306274414,
      -0.4958042502403259,
      0.5014863660493756,
      -1.2362987429045775,
      -1.1075243270606014
    ],
    [
      0.04727601259946823,
      1.3769962787628174,
      -0.49504193663597107,
      0.5935453362541987,
      -1.17755409995203,
      -1.2104449159169528
    ],
    [
      0.047535490244627,
      1.3725682497024536,
      -0.49398308992385864,
      0.6451409869774506,
      -1.1284619364095994,
      -1.2543126911886369
    ],
    [
      0.04767399653792381,
      1.368736982345581,
      -0.4925477206707001,
      0.6784911299949361,
      -1.095870218719828,
      -1.2740151934375838
    ],
    [
      0.04809588938951492,
      1.365379810333252,
      -0.4906337559223175,
      0.7052471612538792,
      -1.0775058574862093,
      -1.2936285029514842
    ],
    [
      0.049420613795518875,
      1.3640044927597046,
      -0.4882078170776367,
      0.726850459924264,
      -1.0713113752932337,
      -1.3158437563869385
    ],
    [
      0.05144890025258064,
      1.363904595375061,
      -0.48582324385643005,
      0.748783786488586,
      -1.0745882090332628,
      -1.3428562779465052
    ],
    [
      0.053643304854631424,
      1.3651959896087646,
      -0.48355305194854736,
      0.7711804325817201,
      -1.074663581676496,
      -1.37883510310279
    ],
    [
      0.05636170879006386,
      1.3680706024169922,
      -0.4797375500202179,
      0.7777835247120295,
      -1.0609761892341043,
      -1.414379528038708
    ],
    [
      0.05973145738244057,
      1.372580885887146,
      -0.4721294939517975,
      0.7501927736447259,
      -1.0324766996367716,
      -1.435772118918202
    ],
    [
      0.06355199962854385,
      1.3770900964736938,
      -0.4603654742240906,
      0.6946260647159547,
      -0.9969549073959408,
      -1.4360175442432082
    ],
    [
      0.06589534133672714,
      1.3783819675445557,
      -0.45216333866119385,
      0.661276478330932,
      -0.9874889730152903,
      -1.4371577334785286
    ],
    [
      0.06963147968053818,
      1.378928542137146,
      -0.4402574598789215,
      0.6171963586989568,
      -0.9637772798754105,
      -1.4299391117033586
    ],
    [
      0.0772276297211647,
      1.3768972158432007,
      -0.4169278144836426,
      0.5244373160101009,
      -0.8994572932290373,
      -1.4094937175765312
    ],
    [
      0.08364375680685043,
      1.3716566562652588,
      -0.3990209996700287,
      0.4491974392738179,
      -0.8525836987105554,
      -1.3948402358602605
    ],
    [
      0.08895167708396912,
      1.3636629581451416,
      -0.38796326518058777,
      0.38851871007450306,
      -0.8226786773876348,
      -1.3693254347978163
    ],
    [
      0.09401509165763855,
      1.3545336723327637,
      -0.3772768974304199,
      0.339147977073097,
      -0.7918780217855464,
      -1.329466584073393
    ],
    [
      0.0987340584397316,
      1.3446459770202637,
      -0.3675256371498108,
      0.30668991163518017,
      -0.7618055626485698,
      -1.269533756060708
    ],
    [
      0.10283416509628296,
      1.3337253332138062,
      -0.3584759533405304,
      0.2779572745208736,
      -0.7369320051228804,
      -1.1912844455961227
    ],
    [
      0.10547914355993271,
      1.3221725225448608,
      -0.3499080240726471,
      0.23212896022669946,
      -0.7186375545591235,
      -1.1017534877435593
    ],
    [
      0.10714118182659149,
      1.310349464416504,
      -0.3415083885192871,
      0.1718713530336829,
      -0.7157112023626159,
      -1.0082197547625678
    ],
    [
      0.10808991640806198,
      1.298492670059204,
      -0.33317798376083374,
      0.11392554224762909,
      -0.717745460199383,
      -0.913322727243702
    ],
    [
      0.10921498388051987,
      1.2870231866836548,
      -0.32561513781547546,
      0.07849479193709984,
      -0.7176565263465353,
      -0.8486052582107535
    ],
    [
      0.1105949655175209,
      1.2774988412857056,
      -0.31826817989349365,
      0.04655379832421763,
      -0.7110719246609647,
      -0.7552283149318731
    ],
    [
      0.1115630716085434,
      1.2718530893325806,
      -0.31107982993125916,
      0.008771435795194788,
      -0.699283776973469,
      -0.6070787840951197
    ],
    [
      0.11234576255083084,
      1.2702194452285767,
      -0.30659735202789307,
      -0.027944572524277393,
      -0.697120499089958,
      -0.4840338580852018
    ],
    [
      0.11324111372232437,
      1.2717230319976807,
      -0.3046698570251465,
      -0.08893311974190386,
      -0.7081806554646258,
      -0.41219016138513115
    ],
    [
      0.1145014837384224,
      1.2733299732208252,
      -0.30506983399391174,
      -0.15603041357292313,
      -0.7270472458552035,
      -0.3804098032049973
    ],
    [
      0.11553153395652771,
      1.2750385999679565,
      -0.3053487241268158,
      -0.1860992033855611,
      -0.7417756973203098,
      -0.39671800788550904
    ],
    [
      0.11684917658567429,
      1.2750736474990845,
      -0.30649062991142273,
      -0.19441594714810043,
      -0.7663771381031531,
      -0.4434178772534297
    ],
    [
      0.11873690038919449,
      1.2750543355941772,
      -0.30771344900131226,
      -0.20075902352406227,
      -0.8135604444339228,
      -0.49789088520994573
    ],
    [
      0.12163923680782318,
      1.2746055126190186,
      -0.31056880950927734,
      -0.19357811934365848,
      -0.8697403275242823,
      -0.5774686759930582
    ]
  ],
  "left_hand_xyzrpy": [
    [
      -0.13594955205917358,
      1.2658623456954956,
      -0.33203840255737305,
      2.6136917366214445,
      1.2452697883227695,
      0.7306150747562736
    ],
    [
      -0.13594955205917358,
      1.2658623456954956,
      -0.33203840255737305,
      2.6136917366214445,
      1.2452697883227695,
      0.7306150747562736
    ],
    [
      -0.13593757152557373,
      1.2659392356872559,
      -0.33194559812545776,
      2.61366397009189,
      1.2450588760117898,
      0.7297508891153834
    ],
    [
      -0.13610446453094482,
      1.2659223079681396,
      -0.3317902386188507,
      2.61438541268982,
      1.2454439088913658,
      0.7295861171717204
    ],
    [
      -0.13616280257701874,
      1.2659668922424316,
      -0.3317284882068634,
      2.614376164101779,
      1.245247982975881,
      0.728692004048078
    ],
    [
      -0.13625183701515198,
      1.2659289836883545,
      -0.3317298889160156,
      2.613445444975767,
      1.245115690127641,
      0.7267181391326714
    ],
    [
      -0.13631455600261688,
      1.2659183740615845,
      -0.3316541016101837,
      2.612511274613588,
      1.24474312642,
      0.7252027492533679
    ],
    [
      -0.13638193905353546,
      1.2659276723861694,
      -0.3316207528114319,
      2.611809030687773,
      1.2444051767179987,
      0.7239427372451875
    ],
    [
      -0.1364462822675705,
      1.2659591436386108,
      -0.33153772354125977,
      2.611077859293345,
      1.2441478025322972,
      0.7226522204415183
    ],
    [
      -0.13652214407920837,
      1.2659517526626587,
      -0.3315112292766571,
      2.60995088704623,
      1.2442676383771272,
      0.7208980492934797
    ],
    [
      -0.13659442961215973,
      1.2659741640090942,
      -0.33147042989730835,
      2.6089805496125447,
      1.2443258065600424,
      0.7193197901771459
    ],
    [
      -0.13670240342617035,
      1.2659857273101807,
      -0.33141475915908813,
      2.6081470391074104,
      1.2446420967190617,
      0.717839555299623
    ],
    [
      -0.13667185604572296,
      1.2660096883773804,
      -0.3313492238521576,
      2.6066630232904093,
      1.2447418238192653,
      0.7159683557333772
    ],
    [
      -0.136726513504982,
      1.265918254852295,
      -0.331339955329895,
      2.606464259690147,
      1.2455140299155438,
      0.7153018939973894
    ],
    [
      -0.13666237890720367,
      1.2658625841140747,
      -0.33134669065475464,
      2.6072151061731423,
      1.2458532784022298,
      0.7158134789708284
    ],
    [
      -0.13630127906799316,
      1.2657456398010254,
      -0.33189859986305237,
      2.607919072189818,
      1.2468955527164716,
      0.7162211930282559
    ],
    [
      -0.1331675499677658,
      1.2654157876968384,
      -0.33527106046676636,
      2.6220329729415286,
      1.2526808449426416,
      0.7223698986534496
    ],
    [
      -0.1265639364719391,
      1.264925479888916,
      -0.3424593210220337,
      2.6406110282005693,
      1.2633896535060742,
      0.7295987128307349
    ],
    [
      -0.11811918765306473,
      1.2647271156311035,
      -0.35168442130088806,
      2.661989818241749,
      1.274368461375618,
      0.7370221150590495
    ],
    [
      -0.10938116908073425,
      1.264829397201538,
      -0.3615102469921112,
      2.6838273978268674,
      1.2841493191545652,
      0.7442989844953047
    ],
    [
      -0.10095621645450592,
      1.26430082321167,
      -0.37229669094085693,
      2.6951018478616033,
      1.292305161547923,
      0.7455138945501382
    ],
    [
      -0.09198129922151566,
      1.2648353576660156,
      -0.383152037858963,
      2.7109996056615593,
      1.3013688723302317,
      0.7460420633819969
    ],
    [
      -0.08360419422388077,
      1.2653580904006958,
      -0.3930913209915161,
      2.745391258289594,
      1.3155329594952487,
      0.7594221683678758
    ],
    [
      -0.07592548429965973,
      1.2657667398452759,
      -0.40199014544487,
      2.809425028602925,
      1.332976555171027,
      0.8059648144779128
    ],
    [
      -0.06823375076055527,
      1.2672200202941895,
      -0.409979909658432,
      2.8850451893859197,
      1.3483401071216257,
      0.8717740085817951
    ],
    [
      -0.061915479600429535,
      1.2674354314804077,
      -0.4175882041454315,
      2.9482594122352475,
      1.3596303790087012,
      0.9265390615177815
    ],
    [
      -0.056722234934568405,
      1.2679177522659302,
      -0.4245154559612274,
      3.0130946272882078,
      1.3715222722422482,
      0.9727814842827186
    ],
    [
      -0.052361734211444855,
      1.2691023349761963,
      -0.4321029484272003,
      3.06901439892296,
      1.3883661209833937,
      1.007361721579644
    ],
    [
      -0.049930281937122345,
      1.2688831090927124,
      -0.43998467922210693,
      3.1131951180712467,
      1.4063277797318534,
      1.0378023923577087
    ],
    [
      -0.047563351690769196,
      1.2694823741912842,
      -0.44772133231163025,
      3.135347944833611,
      1.4204183032943742,
      1.0554534191829825
    ],
    [
      -0.046112727373838425,
      1.2698638439178467,
      -0.4546384811401367,
      -3.134296340484561,
      1.4316490656712495,
      1.0686117142079572
    ],
    [
      -0.04493553191423416,
      1.2695096731185913,
      -0.4603920578956604,
      3.138724563145097,
      1.434956748985324,
      1.0592789011703803
    ],
    [
      -0.044644344598054886,
      1.2692261934280396,
      -0.46432217955589294,
      3.136058085749388,
      1.4338311059406115,
      1.059508322992672
    ],
    [
      -0.04408819228410721,
      1.2690300941467285,
      -0.466450959444046,
      3.1214491698095697,
      1.429668210245773,
      1.0483620730831396
    ],
    [
      -0.04384085163474083,
      1.269914150238037,
      -0.4669046103954315,
      3.1121825208572056,
      1.421078603554939,
      1.0438553399269435
    ],
    [
      -0.044002436101436615,
      1.2708120346069336,
      -0.46636876463890076,
      3.1042990945648343,
      1.4144657863176215,
      1.0388829523884007
    ],
    [
      -0.04429517313838005,
      1.2708816528320312,
      -0.46569880843162537,
      3.1055871475533388,
      1.4210174764214412,
      1.0335290717695782
    ],
    [
      -0.04432285577058792,
      1.2707749605178833,
      -0.4658122956752777,
      3.118859901332724,
      1.432269699099956,
      1.0366082904069582
    ],
    [
      -0.04422570392489433,
      1.2707767486572266,
      -0.46594804525375366,
      3.1293484045925855,
      1.4387985912202477,
      1.0404450871977244
    ],
    [
      -0.04419189319014549,
      1.2708073854446411,
      -0.46598753333091736,
      3.137842328331433,
      1.4413265905442842,
      1.0457491177817986
    ],
    [
      -0.04409266263246536,
      1.2708877325057983,
      -0.4658772051334381,
      3.13983466719039,
      1.4418233652171362,
      1.045681869148706
    ],
    [
      -0.04410272836685181,
      1.2709017992019653,
      -0.46588972210884094,
      -3.136471530197857,
      1.442397437860024,
      1.0512692109350041
    ],
    [
      -0.044124484062194824,
      1.270957112312317,
      -0.46570733189582825,
      -3.130353446763187,
      1.4434082555263033,
      1.0564170645203177
    ],
    [
      -0.04415334388613701,
      1.2709413766860962,
      -0.4657305181026459,
      -3.1238249933823434,
      1.4445501351873096,
      1.0620192373752255
    ],
    [
      -0.044139038771390915,
      1.2709304094314575,
      -0.4656945765018463,
      -3.119064648830726,
      1.445326020708207,
      1.0659132814926056
    ],
    [
      -0.044191066175699234,
      1.2709153890609741,
      -0.46569696068763733,
      -3.112915036384205,
      1.4459295057871568,
      1.0708618056426091
    ],
    [
      -0.04412374272942543,
      1.2708925008773804,
      -0.46583446860313416,
      -3.1108775837512783,
      1.445470421822784,
      1.0713796379026228
    ],
    [
      -0.044108014553785324,
      1.2708854675292969,
      -0.4658481478691101,
      -3.10803032372279,
      1.4449075720902524,
      1.0727425678715807
    ],
    [
      -0.04426226392388344,
      1.2709720134735107,
      -0.465706467628479,
      -3.097038509841002,
      1.4453746125187514,
      1.082415188758441
    ],
    [
      -0.0442405566573143,
      1.2709180116653442,
      -0.4655342698097229,
      -3.0900897993229943,
      1.4462774432365815,
      1.0882578982100122
    ],
    [
      -0.0442986860871315,
      1.2709195613861084,
      -0.46524178981781006,
      -3.0785065811733126,
      1.4479384255655932,
      1.0990538147079099
    ],
    [
      -0.044300518929958344,
      1.2708879709243774,
      -0.46508315205574036,
      -3.0696119823287864,
      1.449382647126464,
      1.1072855827184902
    ],
    [
      -0.044309455901384354,
      1.2709681987762451,
      -0.46495458483695984,
      -3.062292437402626,
      1.450188464636212,
      1.1141527878545097
    ],
    [
      -0.04431552439928055,
      1.2710092067718506,
      -0.4648023843765259,
      -3.0574122229114318,
      1.450792378324714,
      1.1187489293813384
    ],
    [
      -0.04425254836678505,
      1.271016001701355,
      -0.46492546796798706,
      -3.053487074899494,
      1.4506112848346737,
      1.122564103914028
    ],
    [
      -0.04428663104772568,
      1.2710398435592651,
      -0.46475648880004883,
      -3.0503588886715245,
      1.4503019648757969,
      1.125197511890995
    ],
    [
      -0.04424535110592842,
      1.2709600925445557,
      -0.4648360311985016,
      -3.0484578311468327,
      1.4495486078729696,
      1.1265763590208004
    ],
    [
      -0.04430220276117325,
      1.2709816694259644,
      -0.46466800570487976,
      -3.0447066067336173,
      1.44920560869219,
      1.1298848809239008
    ],
    [
      -0.044294293969869614,
      1.2710227966308594,
      -0.4646727442741394,
      -3.0415061947920936,
      1.4491545119891938,
      1.1325812606488421
    ],
    [
      -0.04432021081447601,
      1.2711009979248047,
      -0.464632123708725,
      -3.0389685908050312,
      1.4490317706658677,
      1.1345541424301047
    ],
    [
      -0.044312819838523865,
      1.2712231874465942,
      -0.4646112024784088,
      -3.0332702264897624,
      1.4490533642099137,
      1.1398957999435508
    ],
    [
      -0.044360220432281494,
      1.271250605583191,
      -0.46454915404319763,
      -3.027860273562895,
      1.4494195624758754,
      1.1448255697811123
    ],
    [
      -0.04436204954981804,
      1.2712557315826416,
      -0.46448633074760437,
      -3.0213607110880454,
      1.4498090849619711,
      1.1511778779861936
    ],
    [
      -0.04431777819991112,
      1.2712756395339966,
      -0.4644375443458557,
      -3.0152513727935153,
      1.4500923946950321,
      1.157437838147383
    ],
    [
      -0.04431602358818054,
      1.2712711095809937,
      -0.46437326073646545,
      -3.0093551950804382,
      1.4506510623111697,
      1.1637255775702011
    ],
    [
      -0.04425651207566261,
      1.2713537216186523,
      -0.4643050730228424,
      -3.005069600150692,
      1.4514694085879831,
      1.1679031728267393
    ],
    [
      -0.044238075613975525,
      1.2714029550552368,
      -0.4642162024974823,
      -2.9988999517107775,
      1.452756088124547,
      1.1744301807306305
    ],
    [
      -0.0442526638507843,
      1.2714632749557495,
      -0.4639585614204407,
      -2.992333723985023,
      1.4543073901150674,
      1.181801960286154
    ],
    [
      -0.044381339102983475,
      1.2715139389038086,
      -0.4636304974555969,
      -2.9798229722852705,
      1.4566394146450372,
      1.1950120561525768
    ],
    [
      -0.0443057119846344,
      1.2714732885360718,
      -0.46357715129852295,
      -2.976574303910356,
      1.4577472864137766,
      1.19930251392944
    ],
    [
      -0.04432162269949913,
      1.2714002132415771,
      -0.4635201096534729,
      -3.0155410179601856,
      1.4631406298918441,
      1.159091831930855
    ],
    [
      -0.044588688760995865,
      1.2715060710906982,
      -0.46266472339630127,
      -3.124710274140718,
      1.4686181982348898,
      1.0429968517786654
    ],
    [
      -0.04493508115410805,
      1.27145254611969,
      -0.46101585030555725,
      3.008061318677615,
      1.4662839641681316,
      0.8913288735971261
    ],
    [
      -0.04579530656337738,
      1.2712972164154053,
      -0.45892685651779175,
      2.8928029985033437,
      1.4584298798155617,
      0.780579012127352
    ],
    [
      -0.04854292795062065,
      1.2705072164535522,
      -0.45426568388938904,
      2.821807920152526,
      1.440011031434325,
      0.7159262970672338
    ],
    [
      -0.05676044896245003,
      1.2684966325759888,
      -0.44382986426353455,
      2.7871521614442356,
      1.4027673616253007,
      0.6853486386925608
    ],
    [
      -0.06666002422571182,
      1.2676786184310913,
      -0.431131511926651,
      2.780683155001533,
      1.373110181910319,
      0.6789553144456202
    ],
    [
      -0.07650735229253769,
      1.2686793804168701,
      -0.41809141635894775,
      2.787321397114426,
      1.3586832336408134,
      0.6838513670137322
    ],
    [
      -0.0865512415766716,
      1.2696398496627808,
      -0.40572938323020935,
      2.7924082520124887,
      1.3563684069129773,
      0.6858867661441772
    ],
    [
      -0.09571719914674759,
      1.2697187662124634,
      -0.39568808674812317,
      2.7867461890259824,
      1.3626878723639495,
      0.675882915968861
    ],
    [
      -0.10361284762620926,
      1.269362211227417,
      -0.38708779215812683,
      2.7722936796878495,
      1.3701443319045064,
      0.6588458673470061
    ],
    [
      -0.1105024665594101,
      1.26858389377594,
      -0.3800210654735565,
      2.7598071406609384,
      1.373956871862716,
      0.6457370654917226
    ],
    [
      -0.11640859395265579,
      1.2684632539749146,
      -0.3727515935897827,
      2.7528043727740745,
      1.3736562877137102,
      0.640259400479917
    ],
    [
      -0.1214003637433052,
      1.26859450340271,
      -0.36561059951782227,
      2.7456442902500218,
      1.3723816270354174,
      0.6354559960528755
    ],
    [
      -0.124718077480793,
      1.2682154178619385,
      -0.35902997851371765,
      2.731641935562427,
      1.3711729998004913,
      0.6239349547762
    ],
    [
      -0.1272154152393341,
      1.2680071592330933,
      -0.3525931239128113,
      2.721277817656381,
      1.3688790669448232,
      0.6166031185914345
    ],
    [
      -0.13040778040885925,
      1.2677215337753296,
      -0.346805602312088,
      2.7227115020631443,
      1.3691937558056912,
      0.6210817698296881
    ],
    [
      -0.13303695619106293,
      1.2670811414718628,
      -0.3416954576969147,
      2.7185263573669958,
      1.3707670257750122,
      0.6198454222263575
    ],
    [
      -0.13501374423503876,
      1.2663365602493286,
      -0.33767232298851013,
      2.7156983531783805,
      1.3714545366128428,
      0.6202459476168374
    ],
    [
      -0.13674362003803253,
      1.2654837369918823,
      -0.3339625298976898,
      2.7129732727909843,
      1.371975933880401,
      0.6214507701512707
    ],
    [
      -0.137694850564003,
      1.2647298574447632,
      -0.33134156465530396,
      2.7112016929740994,
      1.3727175545154973,
      0.6238517828430403
    ],
    [
      -0.1382245421409607,
      1.2643896341323853,
      -0.32915258407592773,
      2.712492990838446,
      1.3718136439383817,
      0.6294429541018832
    ],
    [
      -0.1387139856815338,
      1.264249563217163,
      -0.3275676667690277,
      2.714586618877614,
      1.3714142070706123,
      0.6355616373346803
    ],
    [
      -0.13913579285144806,
      1.2644762992858887,
      -0.3261888027191162,
      2.7178795632146424,
      1.3693798821015675,
      0.6426824741762338
    ]
  ],
  "instrinsic": [
    [
      736.6339111328125,
      0.0,
      960.0
    ],
    [
      0.0,
      736.6339111328125,
      540.0
    ],
    [
      0.0,
      0.0,
      1.0
    ]
  ],
  "extrinsics": [
    [
      [
        0.9869860410690308,
        -0.004202533513307571,
        -0.16075098514556885,
        -0.053017497062683105
      ],
      [
        -0.06900912523269653,
        -0.9139963984489441,
        -0.39981022477149963,
        1.631206750869751
      ],
      [
        -0.14524561166763306,
        0.4057004451751709,
        -0.9023916125297546,
        -0.18037739396095276
      ],
      [
        0.0,
        0.0,
        0.0,
        0.9999997615814209
      ]
    ],
    [
      [
        0.9869860410690308,
        -0.004202533513307571,
        -0.16075098514556885,
        -0.053017497062683105
      ],
      [
        -0.06900912523269653,
        -0.9139963984489441,
        -0.39981022477149963,
        1.631206750869751
      ],
      [
        -0.14524561166763306,
        0.4057004451751709,
        -0.9023916125297546,
        -0.18037739396095276
      ],
      [
        0.0,
        0.0,
        0.0,
        0.9999997615814209
      ]
    ],
    [
      [
        0.9868959784507751,
        -0.003859159769490361,
        -0.16131140291690826,
        -0.05321632698178291
      ],
      [
        -0.0688483789563179,
        -0.9142141342163086,
        -0.3993399739265442,
        1.6312295198440552
      ],
      [
        -0.14593201875686646,
        0.40521302819252014,
        -0.9024998545646667,
        -0.18039166927337646
      ],
      [
        0.0,
        0.0,
        0.0,
        0.9999997615814209
      ]
    ],
    [
      [
        0.9869162440299988,
        -0.003628467209637165,
        -0.16119256615638733,
        -0.05334330350160599
      ],
      [
        -0.06858056038618088,
        -0.9142470359802246,
        -0.39931076765060425,
        1.6312146186828613
      ],
      [
        -0.14592093229293823,
        0.4051409959793091,
        -0.902534008026123,
        -0.18038739264011383
      ],
      [
        0.0,
        0.0,
        0.0,
        0.9999997615814209
      ]
    ],
    [
      [
        0.98697829246521,
        -0.0038940731901675463,
        -0.16080567240715027,
        -0.053435973823070526
      ],
      [
        -0.06876099854707718,
        -0.9139750003814697,
        -0.3999021053314209,
        1.631150484085083
      ],
      [
        -0.14541518688201904,
        0.40575191378593445,
        -0.9023411273956299,
        -0.18027298152446747
      ],
      [
        0.0,
        0.0,
        0.0,
        0.9999997019767761
      ]
    ],
    [
      [
        0.987049400806427,
        -0.00431217672303319,
        -0.16035746037960052,
        -0.053516313433647156
      ],
      [
        -0.06907089799642563,
        -0.9136531949043274,
        -0.4005832374095917,
        1.6310957670211792
      ],
      [
        -0.14478382468223572,
        0.4064715504646301,
        -0.9021188020706177,
        -0.18012133240699768
      ],
      [
        0.0,
        0.0,
        0.0,
        0.9999997019767761
      ]
    ],
    [
      [
        0.9871179461479187,
        -0.004652278032153845,
        -0.15992611646652222,
        -0.05359621345996857
      ],
      [
        -0.0692712739109993,
        -0.9134582877159119,
        -0.4009929597377777,
        1.6310726404190063
      ],
      [
        -0.1442202776670456,
        0.4069057106971741,
        -0.90201336145401,
        -0.17999647557735443
      ],
      [
        0.0,
        0.0,
        0.0,
        0.9999997615814209
      ]
    ],
    [
      [
        0.9871989488601685,
        -0.004897015169262886,
        -0.15941767394542694,
        -0.053659919649362564
      ],
      [
        -0.06935734301805496,
        -0.913253664970398,
        -0.4014441668987274,
        1.6310296058654785
      ],
      [
        -0.14362294971942902,
        0.40736204385757446,
        -0.9019026756286621,
        -0.17988114058971405
      ],
      [
        0.0,
        0.0,
        0.0,
        0.9999997615814209
      ]
    ],
    [
      [
        0.9873047471046448,
        -0.005120032466948032,
        -0.15875427424907684,
        -0.05370943248271942
      ],
      [
        -0.06939443200826645,
        -0.9129511713981628,
        -0.4021250009536743,
        1.6309478282928467
      ],
      [
        -0.1428760588169098,
        0.40803664922714233,
        -0.9017162919044495,
        -0.17976601421833038
      ],
      [
        0.0,
        0.0,
        0.0,
        0.9999997615814209
      ]
    ],
    [
      [
        0.9874377846717834,
        -0.0052019329741597176,
        -0.1579221934080124,
        -0.05374205857515335
      ],
      [
        -0.0692962184548378,
        -0.912470817565918,
        -0.4032306671142578,
        1.6308236122131348
      ],
      [
        -0.14200180768966675,
        0.40910860896110535,
        -0.9013686180114746,
        -0.17960770428180695
      ],
      [
        0.0,
        0.0,
        0.0,
        0.9999997615814209
      ]
    ],
    [
      [
        0.9875838160514832,
        -0.005536460317671299,
        -0.1569947898387909,
        -0.05373410880565643
      ],
      [
        -0.06941007077693939,
        -0.9119142293930054,
        -0.4044685959815979,
        1.6307122707366943
      ],
      [
        -0.14092636108398438,
        0.410343736410141,
        -0.9009760022163391,
        -0.1793738752603531
      ],
      [
        0.0,
        0.0,
        0.0,
        0.9999997615814209
      ]
    ],
    [
      [
        0.9877195358276367,
        -0.006626266986131668,
        -0.15609592199325562,
        -0.05375189706683159
      ],
      [
        -0.0701339840888977,
        -0.9115845561027527,
        -0.40508604049682617,
        1.6307064294815063
      ],
      [
        -0.1396103799343109,
        0.41105905175209045,
        -0.9008547067642212,
        -0.17918641865253448
      ],
      [
        0.0,
        0.0,
        0.0,
        0.9999997019767761
      ]
    ],
    [
      [
        0.9878075122833252,
        -0.008283096365630627,
        -0.1554592251777649,
        -0.05383625626564026
      ],
      [
        -0.07143048197031021,
        -0.9113805294036865,
        -0.4053184986114502,
        1.6307605504989624
      ],
      [
        -0.1383252739906311,
        0.41148123145103455,
        -0.9008603096008301,
        -0.17912708222866058
      ],
      [
        0.0,
        0.0,
        0.0,
        0.9999997615814209
      ]
    ],
    [
      [
        0.9878218770027161,
        -0.009380440227687359,
        -0.15530551970005035,
        -0.05399316921830177
      ],
      [
        -0.07234635949134827,
        -0.9114004969596863,
        -0.4051111042499542,
        1.6307953596115112
      ],
      [
        -0.13774536550045013,
        0.41141343116760254,
        -0.9009799957275391,
        -0.17929670214653015
      ],
      [
        0.0,
        0.0,
        0.0,
        0.9999997615814209
      ]
    ],
    [
      [
        0.9876987338066101,
        -0.008031781762838364,
        -0.15616193413734436,
        -0.05413020774722099
      ],
      [
        -0.07137737423181534,
        -0.9117225408554077,
        -0.4045581817626953,
        1.6307895183563232
      ],
      [
        -0.13912701606750488,
        0.4107280373573303,
        -0.9010803699493408,
        -0.1797802448272705
      ],
      [
        0.0,
        0.0,
        0.0,
