{
  "task": "assemble disassemble furniture bench drawer",
  "instruction": "assemble disassemble furniture bench drawer",
  "right_hand_xyzrpy": [
    [
      0.25345510244369507,
      0.9242916703224182,
      -0.33921611309051514,
      0.26037118003401344,
      -0.8846512778413578,
      -0.8561254451810765
    ],
    [
      0.25345510244369507,
      0.9242916703224182,
      -0.33921611309051514,
      0.26037118003401344,
      -0.8846512778413578,
      -0.8561254451810765
    ],
    [
      0.2532356381416321,
      0.9237616658210754,
      -0.33888137340545654,
      0.23693726511303498,
      -0.8741700229087851,
      -0.8245347081299811
    ],
    [
      0.25312116742134094,
      0.9234644174575806,
      -0.33862757682800293,
      0.1917035861555814,
      -0.85330201434382,
      -0.7632753979537041
    ],
    [
      0.2529553174972534,
      0.9234946370124817,
      -0.3385234475135803,
      0.15821722529840274,
      -0.8356760934691697,
      -0.7166444771707653
    ],
    [
      0.2528090178966522,
      0.9237037301063538,
      -0.338539183139801,
      0.14420722008229603,
      -0.827773525281045,
      -0.6959838462810055
    ],
    [
      0.2526833713054657,
      0.9238146543502808,
      -0.3385627269744873,
      0.13581939998348566,
      -0.8198182464119944,
      -0.6694862668761988
    ],
    [
      0.2516418695449829,
      0.9247491359710693,
      -0.33850622177124023,
      0.11928137481073721,
      -0.8157985023960242,
      -0.6188708598158872
    ],
    [
      0.24802778661251068,
      0.9290435910224915,
      -0.33890634775161743,
      0.10169837562925396,
      -0.8163235588909741,
      -0.5550655639067468
    ],
    [
      0.24205584824085236,
      0.936269223690033,
      -0.3403979241847992,
      0.09614574755961401,
      -0.8150838176435252,
      -0.49482208307647824
    ],
    [
      0.23375985026359558,
      0.9454577565193176,
      -0.34376224875450134,
      0.10573231070484941,
      -0.8123135796309603,
      -0.4417554695769342
    ],
    [
      0.2231975495815277,
      0.9554933309555054,
      -0.3484311103820801,
      0.11785955423381175,
      -0.8166300281039726,
      -0.3948096623122281
    ],
    [
      0.2110280841588974,
      0.963802695274353,
      -0.35377517342567444,
      0.13843998487396997,
      -0.8248059982783865,
      -0.3690355391766972
    ],
    [
      0.19848109781742096,
      0.9701629877090454,
      -0.36069318652153015,
      0.16636464829376996,
      -0.8303053707128181,
      -0.3734905465782042
    ],
    [
      0.18521802127361298,
      0.9759535789489746,
      -0.36768639087677,
      0.18789441331468212,
      -0.8303665102224973,
      -0.38792494519965004
    ],
    [
      0.17148782312870026,
      0.9801492691040039,
      -0.3746432363986969,
      0.20881051038041523,
      -0.8301682634451114,
      -0.4209905995220066
    ],
    [
      0.15841373801231384,
      0.9822053909301758,
      -0.38130390644073486,
      0.22941964143827578,
      -0.8316426270585702,
      -0.46293944685565586
    ],
    [
      0.14634042978286743,
      0.9808460474014282,
      -0.3878260850906372,
      0.24915541199582492,
      -0.837535173190231,
      -0.4985797004172334
    ],
    [
      0.13496732711791992,
      0.9760999083518982,
      -0.3946183919906616,
      0.27135842435945956,
      -0.8460630969105397,
      -0.531575469921538
    ],
    [
      0.12499477714300156,
      0.9696174263954163,
      -0.4000410735607147,
      0.3039151194278324,
      -0.8607212566492383,
      -0.5639069732058339
    ],
    [
      0.11803098022937775,
      0.9625260233879089,
      -0.4042064845561981,
      0.35004622038148403,
      -0.8759148347593384,
      -0.6018880680900094
    ],
    [
      0.11428043991327286,
      0.9563378691673279,
      -0.4075593650341034,
      0.40049686247279515,
      -0.8808002612539614,
      -0.6499743854815936
    ],
    [
      0.11363092064857483,
      0.9516739845275879,
      -0.409984827041626,
      0.4502055594930765,
      -0.866165190138999,
      -0.7117339583251245
    ],
    [
      0.1150958240032196,
      0.9499661326408386,
      -0.41074058413505554,
      0.48437219899383815,
      -0.8398303037787841,
      -0.7650019541580123
    ],
    [
      0.1184248998761177,
      0.9497214555740356,
      -0.41052019596099854,
      0.5013120158890975,
      -0.8211159690697092,
      -0.7939294758078167
    ],
    [
      0.12282545119524002,
      0.9504840970039368,
      -0.40962836146354675,
      0.5048529676123098,
      -0.8020362126702809,
      -0.802020766960131
    ],
    [
      0.1289132982492447,
      0.9514148235321045,
      -0.40729567408561707,
      0.49645378661602524,
      -0.7690114560885801,
      -0.792184663927705
    ],
    [
      0.1364435851573944,
      0.9522467255592346,
      -0.4035777151584625,
      0.4886773144796979,
      -0.7398879797740476,
      -0.7808745272370156
    ],
    [
      0.14483021199703217,
      0.9530947804450989,
      -0.39789915084838867,
      0.4725836449413502,
      -0.7125256963742058,
      -0.7678014561989591
    ],
    [
      0.15375979244709015,
      0.9535653591156006,
      -0.391025185585022,
      0.4558159543452534,
      -0.6935983570713607,
      -0.7543288608031542
    ],
    [
      0.16227629780769348,
      0.9541149139404297,
      -0.383620947599411,
      0.4337886248774542,
      -0.6760566117080961,
      -0.747017746382817
    ],
    [
      0.1700132191181183,
      0.9547296166419983,
      -0.37502139806747437,
      0.41363780066303163,
      -0.6579668115412702,
      -0.744564248507274
    ],
    [
      0.17635083198547363,
      0.9556726813316345,
      -0.36533650755882263,
      0.4013537209608546,
      -0.6440344833573755,
      -0.7418333044356057
    ],
    [
      0.18089038133621216,
      0.9569092988967896,
      -0.35482674837112427,
      0.3935743726479885,
      -0.6365709054968909,
      -0.7382053799003656
    ],
    [
      0.1831081509590149,
      0.9574532508850098,
      -0.34516218304634094,
      0.38519929823262944,
      -0.6336261132689228,
      -0.7330797636286367
    ],
    [
      0.1833716183900833,
      0.9572213292121887,
      -0.33693456649780273,
      0.3594955132658769,
      -0.6134080711187903,
      -0.7246315471892711
    ],
    [
      0.18163557350635529,
      0.9559544324874878,
      -0.32968735694885254,
      0.30118298800414195,
      -0.552405011722147,
      -0.7070958655783178
    ],
    [
      0.17884419858455658,
      0.9530839920043945,
      -0.3237088918685913,
      0.23641328572056924,
      -0.4761751379125877,
      -0.6843347908615001
    ],
    [
      0.1754153072834015,
      0.9483374357223511,
      -0.3185378313064575,
      0.18541267402913245,
      -0.4180075097756524,
      -0.6641121596804946
    ],
    [
      0.17174449563026428,
      0.9411307573318481,
      -0.3137546479701996,
      0.13963931261121115,
      -0.384181229173011,
      -0.6483859184848685
    ],
    [
      0.16800568997859955,
      0.9325242042541504,
      -0.30968528985977173,
      0.09879817085519571,
      -0.3679990492152456,
      -0.6378246761235696
    ],
    [
      0.16517406702041626,
      0.9242507219314575,
      -0.30722421407699585,
      0.06618796804303051,
      -0.36880647841229974,
      -0.6228303601424082
    ]
  ],
  "left_hand_xyzrpy": [
    [
      -0.1149037554860115,
      0.9201294779777527,
      -0.4372157156467438,
      -2.8067092947945573,
      1.1763777835001226,
      1.2766342484354098
    ],
    [
      -0.1149037554860115,
      0.9201294779777527,
      -0.4372157156467438,
      -2.8067092947945573,
      1.1763777835001226,
      1.2766342484354098
    ],
    [
      -0.11497530341148376,
      0.9199859499931335,
      -0.43711045384407043,
      -2.815695490165584,
      1.1524760658746636,
      1.2531409242268912
    ],
    [
      -0.1149170994758606,
      0.9198421239852905,
      -0.4369887113571167,
      -2.8100120873168404,
      1.110469202165522,
      1.2339688600045569
    ],
    [
      -0.11488743126392365,
      0.9198270440101624,
      -0.43695589900016785,
      -2.7849789747298357,
      1.054613542793837,
      1.2237134464414448
    ],
    [
      -0.11488879472017288,
      0.919888436794281,
      -0.436867892742157,
      -2.7508567619615882,
      0.9920645816450617,
      1.2146072885578907
    ],
    [
      -0.11483686417341232,
      0.9198179244995117,
      -0.4368574023246765,
      -2.7086943413216846,
      0.9307706983696772,
      1.2035745090904721
    ],
    [
      -0.11476180702447891,
      0.9197564125061035,
      -0.4369264841079712,
      -2.673395024858109,
      0.8845189193510029,
      1.1922183034846527
    ],
    [
      -0.11469919979572296,
      0.9196680784225464,
      -0.43695199489593506,
      -2.648797967538243,
      0.8541181880006148,
      1.1849367388051877
    ],
    [
      -0.11463935673236847,
      0.9195616245269775,
      -0.43692103028297424,
      -2.6356120166467925,
      0.8290196491022923,
      1.1773052275845906
    ],
    [
      -0.1145457923412323,
      0.919515073299408,
      -0.4369940161705017,
      -2.635169377314301,
      0.8047267100873102,
      1.1649876079861572
    ],
    [
      -0.11449424922466278,
      0.9193785786628723,
      -0.43688514828681946,
      -2.644506947554313,
      0.7847702710298164,
      1.145029141868929
    ],
    [
      -0.11462420970201492,
      0.9192994832992554,
      -0.43620240688323975,
      -2.6570148222743626,
      0.7727887481398313,
      1.1182392548587856
    ],
    [
      -0.11445924639701843,
      0.9191994667053223,
      -0.43617209792137146,
      -2.674178750844346,
      0.7701144761523048,
      1.085717451314702
    ],
    [
      -0.1145312488079071,
      0.919135332107544,
      -0.4356793165206909,
      -2.7028182721368603,
      0.7794489938102686,
      1.0522331638585063
    ],
    [
      -0.11457403004169464,
      0.91908860206604,
      -0.4352867007255554,
      -2.734447239923555,
      0.7941746567575775,
      1.0278913033690393
    ],
    [
      -0.11447964608669281,
      0.9191234111785889,
      -0.43517813086509705,
      -2.755230160935578,
      0.8033073379286164,
      1.0152734380518567
    ],
    [
      -0.11423584818840027,
      0.9191995859146118,
      -0.4355180859565735,
      -2.7643204288430803,
      0.8049524973584163,
      1.0134961294191618
    ],
    [
      -0.11417068541049957,
      0.919224202632904,
      -0.4357741177082062,
      -2.7679744873895133,
      0.8048630703179884,
      1.0147144083410289
    ],
    [
      -0.1141919493675232,
      0.9193196296691895,
      -0.4355567693710327,
      -2.7705953336686147,
      0.8056380083062294,
      1.0126733317981667
    ],
    [
      -0.11412644386291504,
      0.919425904750824,
      -0.43536725640296936,
      -2.772877133702361,
      0.8061910574725927,
      1.0102325865556823
    ],
    [
      -0.11405587941408157,
      0.9195681810379028,
      -0.4350951910018921,
      -2.7750934180041034,
      0.806367067132128,
      1.0077270342124784
    ],
    [
      -0.11399950087070465,
      0.9196988344192505,
      -0.43497374653816223,
      -2.777267901527323,
      0.8061884744010558,
      1.0058037176494725
    ],
    [
      -0.11390059441328049,
      0.91981440782547,
      -0.43506255745887756,
      -2.7825149797790405,
      0.8094016876599464,
      1.0113296631646311
    ],
    [
      -0.11387192457914352,
      0.9199881553649902,
      -0.43536001443862915,
      -2.7886786371967993,
      0.81361710789834,
      1.0202505965367374
    ],
    [
      -0.11377549171447754,
      0.9201672077178955,
      -0.4355776309967041,
      -2.7934001187130395,
      0.8152973837434302,
      1.0252097787942585
    ],
    [
      -0.11382859200239182,
      0.9203008413314819,
      -0.4357237219810486,
      -2.7956305860677033,
      0.8157542318249983,
      1.0275265941821703
    ],
    [
      -0.1138187125325203,
      0.9204145669937134,
      -0.4357074499130249,
      -2.796652407865909,
      0.8159524653931531,
      1.0290542443638608
    ],
    [
      -0.11415717005729675,
      0.9205107688903809,
      -0.43472418189048767,
      -2.798181304589827,
      0.8184003852187278,
      1.0258366452358492
    ],
    [
      -0.11423226445913315,
      0.920556366443634,
      -0.4343074858188629,
      -2.797150670670519,
      0.8216780664548353,
      1.0288012782144913
    ],
    [
      -0.11403055489063263,
      0.9207299947738647,
      -0.43469008803367615,
      -2.7972480036074963,
      0.8218695931376379,
      1.0314693413601275
    ],
    [
      -0.1138002797961235,
      0.9209080934524536,
      -0.435321182012558,
      -2.798369843642688,
      0.8197894208659606,
      1.0321983143145348
    ],
    [
      -0.11376719921827316,
      0.9210385084152222,
      -0.43565458059310913,
      -2.7999397259525987,
      0.8172658288403828,
      1.0319535868551317
    ],
    [
      -0.11345604062080383,
      0.9211397171020508,
      -0.43620651960372925,
      -2.8022111701463737,
      0.8143306815386425,
      1.0346544238931101
    ],
    [
      -0.11380380392074585,
      0.9211807250976562,
      -0.43602362275123596,
      -2.802639078763592,
      0.8129276583780526,
      1.0837540578633584
    ],
    [
      -0.11476793885231018,
      0.9222780466079712,
      -0.4360816478729248,
      -2.788928552073776,
      0.8165934658891657,
      1.1866784064822578
    ],
    [
      -0.1176651120185852,
      0.9246006011962891,
      -0.4362369179725647,
      -2.750710223409531,
      0.8345394181810222,
      1.3181766225160656
    ],
    [
      -0.12209395319223404,
      0.9272979497909546,
      -0.4366079866886139,
      -2.6960272891271955,
      0.8668598385571219,
      1.451071906384242
    ],
    [
      -0.12852296233177185,
      0.9290774464607239,
      -0.43720710277557373,
      -2.6213388971360496,
      0.9044565550213343,
      1.5864858940105775
    ],
    [
      -0.13642607629299164,
      0.9295104146003723,
      -0.43766653537750244,
      -2.5373081354126152,
      0.946905802712262,
      1.7114477962172518
    ],
    [
      -0.14364175498485565,
      0.9280945658683777,
      -0.4380570650100708,
      -2.451342934614868,
      0.9880000641269056,
      1.8337548989341015
    ],
    [
      -0.14914202690124512,
      0.9260937571525574,
      -0.4384723901748657,
      -2.3653533476994864,
      1.0247535731680188,
      1.9721568368702111
    ]
  ],
  "instrinsic": [
    [
      736.6339111328125,
      0.0,
      960.0
    ],
    [
      0.0,
      736.6339111328125,
      540.0
    ],
    [
      0.0,
      0.0,
      1.0
    ]
  ],
  "extrinsics": [
    [
      [
        0.9944369792938232,
        0.07908215373754501,
        -0.06957811862230301,
        -0.017240088433027267
      ],
      [
        0.062297701835632324,
        -0.9742053151130676,
        -0.2168942540884018,
        1.1748840808868408
      ],
      [
        -0.08493577688932419,
        0.21135316789150238,
        -0.9737123847007751,
        -0.1432030349969864
      ],
      [
        0.0,
        0.0,
        0.0,
        1.0
      ]
    ],
    [
      [
        0.9944369792938232,
        0.07908215373754501,
        -0.06957811862230301,
        -0.017240088433027267
      ],
      [
        0.062297701835632324,
        -0.9742053151130676,
        -0.2168942540884018,
        1.1748840808868408
      ],
      [
        -0.08493577688932419,
        0.21135316789150238,
        -0.9737123847007751,
        -0.1432030349969864
      ],
      [
        0.0,
        0.0,
        0.0,
        1.0
      ]
    ],
    [
      [
        0.9942221641540527,
        0.08001864701509476,
        -0.07154921442270279,
        -0.01753861829638481
      ],
      [
        0.0628206804394722,
        -0.97423255443573,
        -0.216620534658432,
        1.1747515201568604
      ],
      [
        -0.08703926205635071,
        0.21087422966957092,
        -0.973630428314209,
        -0.14332862198352814
      ],
      [
        0.0,
        0.0,
        0.0,
        1.0
      ]
    ],
    [
      [
        0.9940476417541504,
        0.07970894873142242,
        -0.07426898181438446,
        -0.01796267367899418
      ],
      [
        0.06202244013547897,
        -0.9744822978973389,
        -0.2157258540391922,
        1.1744873523712158
      ],
      [
        -0.08956906199455261,
        0.20983536541461945,
        -0.9736254215240479,
        -0.14356394112110138
      ],
      [
        0.0,
        0.0,
        0.0,
        1.0
      ]
    ],
    [
      [
        0.9940520524978638,
        0.07739755511283875,
        -0.07661645859479904,
        -0.018313491716980934
      ],
      [
        0.05916020646691322,
        -0.9744240045547485,
        -0.21679037809371948,
        1.1740291118621826
      ],
      [
        -0.09143592417240143,
        0.21096831560134888,
        -0.9732069969177246,
        -0.14379394054412842
      ],
      [
        0.0,
        0.0,
        0.0,
        1.0
      ]
    ],
    [
      [
        0.9943301677703857,
        0.07290609180927277,
        -0.0774102732539177,
        -0.018503019586205482
      ],
      [
        0.05420692265033722,
        -0.9737994074821472,
        -0.22085361182689667,
        1.173476219177246
      ],
      [
        -0.09148357063531876,
        0.21540527045726776,
        -0.972230076789856,
        -0.143874391913414
      ],
      [
        0.0,
        0.0,
        0.0,
        1.0
      ]
    ],
    [
      [
        0.9945923686027527,
        0.06908798962831497,
        -0.07754206657409668,
        -0.018668044358491898
      ],
      [
        0.050094492733478546,
        -0.9731765985488892,
        -0.2245389223098755,
        1.1731085777282715
      ],
      [
        -0.09097509831190109,
        0.21944035589694977,
        -0.9713748693466187,
        -0.14396795630455017
      ],
      [
        0.0,
        0.0,
        0.0,
        0.9999999403953552
      ]
    ],
    [
      [
        0.9946203231811523,
        0.06786603480577469,
        -0.07826102524995804,
        -0.018883947283029556
      ],
      [
        0.04849801957607269,
        -0.9726616740226746,
        -0.22710664570331573,
        1.1729066371917725
      ],
      [
        -0.09153429418802261,
        0.22208936512470245,
        -0.9707202911376953,
        -0.1440919041633606
      ],
      [
        0.0,
        0.0,
        0.0,
        1.0
      ]
    ],
    [
      [
        0.9945611357688904,
        0.06797739118337631,
        -0.0789126381278038,
        -0.019072331488132477
      ],
      [
        0.048164673149585724,
        -0.97194504737854,
        -0.23022395372390747,
        1.1725472211837769
      ],
      [
        -0.09234873950481415,
        0.2251710444688797,
        -0.9699328541755676,
        -0.14413321018218994
      ],
      [
        0.0,
        0.0,
        0.0,
        1.0
      ]
    ],
    [
      [
        0.9945371150970459,
        0.06850598752498627,
        -0.07875847071409225,
        -0.019148487597703934
      ],
      [
        0.04830707237124443,
        -0.9709115624427795,
        -0.23451533913612366,
        1.1719144582748413
      ],
      [
        -0.0925331562757492,
        0.22942966222763062,
        -0.968916654586792,
        -0.14407998323440552
      ],
      [
        0.0,
        0.0,
        0.0,
        1.0
      ]
    ],
    [
      [
        0.9945064783096313,
        0.07029186934232712,
        -0.07756351679563522,
        -0.019083470106124878
      ],
      [
        0.04994245618581772,
        -0.9698416590690613,
        -0.23856428265571594,
        1.1712138652801514
      ],
      [
        -0.09199341386556625,
        0.2333800196647644,
        -0.9680243134498596,
        -0.1440294235944748
      ],
      [
        0.0,
        0.0,
        0.0,
        1.0000001192092896
      ]
    ],
    [
      [
        0.9944552183151245,
        0.07277224212884903,
        -0.0759134516119957,
        -0.018961086869239807
      ],
      [
        0.05247710645198822,
        -0.9689923524856567,
        -0.24145391583442688,
        1.1705986261367798
      ],
      [
        -0.09113072603940964,
        0.2361314594745636,
        -0.9674384593963623,
        -0.1440170705318451
      ],
      [
        0.0,
        0.0,
        0.0,
        1.0
      ]
    ],
    [
      [
        0.9944185614585876,
        0.07480020821094513,
        -0.07440872490406036,
        -0.018849458545446396
      ],
      [
        0.054627735167741776,
        -0.9683821797370911,
        -0.2434171736240387,
        1.1701512336730957
      ],
      [
        -0.090263731777668,
        0.23799382150173187,
        -0.967063307762146,
        -0.14401741325855255
      ],
      [
        0.0,
        0.0,
        0.0,
        1.0
      ]
    ],
    [
      [
        0.9943614602088928,
        0.07625580579042435,
        -0.07368982583284378,
        -0.018799159675836563
      ],
      [
        0.05604279786348343,
        -0.9678274989128113,
        -0.24529415369033813,
        1.1697838306427002
      ],
      [
        -0.09002417325973511,
        0.23978130519390106,
        -0.9666439294815063,
        -0.1439775675535202
      ],
      [
        0.0,
        0.0,
        0.0,
        1.0
      ]
    ],
    [
      [
        0.9942002892494202,
        0.07760626822710037,
        -0.07445169240236282,
        -0.018889330327510834
      ],
      [
        0.05697743967175484,
        -0.9672441482543945,
        -0.24737095832824707,
        1.1693826913833618
      ],
      [
        -0.0912105143070221,
        0.24169419705867767,
        -0.9660561084747314,
        -0.14390058815479279
      ],
      [
        0.0,
        0.0,
        0.0,
        1.0
      ]
    ],
    [
      [
        0.9939252734184265,
        0.07875923067331314,
        -0.07687321305274963,
        -0.019149748608469963
      ],
      [
        0.05721724033355713,
        -0.9664551615715027,
        -0.2503811717033386,
        1.168830394744873
      ],
      [
        -0.09401431679725647,
        0.24446174502372742,
        -0.9650905132293701,
        -0.1437443047761917
      ],
      [
        0.0,
        0.0,
        0.0,
        0.9999999403953552
      ]
    ],
    [
      [
        0.9935446381568909,
        0.07964378595352173,
        -0.08078234642744064,
        -0.019558750092983246
      ],
      [
        0.056767359375953674,
        -0.9655900597572327,
        -0.2537972927093506,
        1.1681978702545166
      ],
      [
        -0.09821604937314987,
        0.247573122382164,
        -0.9638781547546387,
        -0.14351576566696167
      ],
      [
        0.0,
        0.0,
        0.0,
        0.9999998807907104
      ]
    ],
    [
      [
        0.9931888580322266,
        0.07918650656938553,
        -0.08547084778547287,
        -0.020086616277694702
      ],
      [
        0.0548185259103775,
        -0.9648744463920593,
        -0.25692838430404663,
        1.1676496267318726
      ],
      [
        -0.1028139516711235,
        0.25049301981925964,
        -0.9626435041427612,
        -0.1433173269033432
      ],
      [
        0.0,
        0.0,
        0.0,
        1.0
      ]
    ],
    [
      [
        0.9929679036140442,
        0.077809177339077,
        -0.08922122418880463,
        -0.02057865634560585
      ],
      [
        0.05214110016822815,
        -0.9640735387802124,
        -0.26046815514564514,
        1.1670993566513062
      ],
      [
        -0.10628265887498856,
        0.2539844512939453,
        -0.9613510966300964,
        -0.14315596222877502
      ],
      [
        0.0,
        0.0,
        0.0,
        1.0
      ]
    ],
    [
      [
        0.9928142428398132,
        0.07631043344736099,
        -0.09217673540115356,
        -0.021042829379439354
      ],
      [
        0.04958254098892212,
        -0.9633806943893433,
        -0.26351290941238403,
        1.166649341583252
      ],
      [
        -0.10891009867191315,
        0.257049024105072,
        -0.9602417945861816,
        -0.14307819306850433
      ],
      [
        0.0,
        0.0,
        0.0,
        1.0
      ]
    ],
    [
      [
        0.9927049279212952,
        0.07411903142929077,
        -0.09509594738483429,
        -0.021618984639644623
      ],
      [
        0.046569764614105225,
        -0.9632297158241272,
        -0.26461276412010193,
        1.1664844751358032
      ],
      [
        -0.1112121120095253,
        0.2582538425922394,
        -0.9596544504165649,
        -0.14321263134479523
      ],
      [
        0.0,
        0.0,
        0.0,
        0.9999999403953552
      ]
    ],
    [
      [
        0.9926452040672302,
        0.07157240062952042,
        -0.09763602912425995,
        -0.0222682636231184
      ],
      [
        0.04334936663508415,
        -0.9631803035736084,
        -0.2653384506702423,
        1.166429042816162
      ],
      [
        -0.11303206533193588,
        0.2591545581817627,
        -0.9591990113258362,
        -0.14350086450576782
      ],
      [
        0.0,
        0.0,
        0.0,
        0.9999999403953552
      ]
    ],
    [
      [
        0.9925457835197449,
        0.07031253725290298,
        -0.09954451769590378,
        -0.022876570001244545
      ],
      [
        0.04134255647659302,
        -0.9626115560531616,
        -0.26771223545074463,
        1.1661627292633057
      ],
      [
        -0.11464621126651764,
        0.2616012394428253,
        -0.9583428502082825,
        -0.14379949867725372
      ],
      [
        0.0,
        0.0,
        0.0,
        1.0
      ]
    ],
    [
      [
        0.9924859404563904,
        0.06938090175390244,
        -0.1007860079407692,
        -0.023457378149032593
      ],
      [
        0.03955111652612686,
        -0.9613879323005676,
        -0.27233943343162537,
        1.1654911041259766
      ],
      [
        -0.11578957736492157,
        0.26630693674087524,
        -0.956908106803894,
        -0.14394646883010864
      ],
      [
        0.0,
        0.0,
        0.0,
        0.9999998807907104
      ]
    ],
    [
      [
        0.9925930500030518,
        0.06705976277589798,
        -0.10130191594362259,
        -0.02403433993458748
      ],
      [
        0.036438919603824615,
        -0.9597960710525513,
        -0.2783230245113373,
        1.1646807193756104
      ],
      [
        -0.11589346081018448,
        0.2725701630115509,
        -0.9551304578781128,
        -0.14382556080818176
      ],
      [
        0.0,
        0.0,
        0.0,
        1.0
      ]
    ],
    [
      [
        0.9927164316177368,
        0.06530673801898956,
        -0.1012376919388771,
        -0.024664461612701416
      ],
      [
        0.03411111235618591,
        -0.958306074142456,
        -0.283700555562973,
        1.1640106439590454
      ],
      [
        -0.11554427444934845,
        0.27818089723587036,
        -0.9535537362098694,
        -0.14357320964336395
      ],
      [
        0.0,
        0.0,
        0.0,
        1.0
      ]
    ],
    [
      [
        0.9928269982337952,
        0.06479291617870331,
        -0.10048174858093262,
        -0.0252818800508976
      ],
      [
        0.03345560282468796,
        -0.9574077725410461,
        -0.286794513463974,
        1.1636894941329956
      ],
      [
        -0.11478431522846222,
        0.2813756763935089,
        -0.9527078866958618,
        -0.14333568513393402
      ],
      [
        0.0,
        0.0,
        0.0,
        1.0
      ]
    ],
    [
      [
        0.9929512739181519,
        0.06530217081308365,
        -0.09891167283058167,
        -0.025836151093244553
      ],
      [
        0.03431008756160736,
        -0.9571667909622192,
        -0.2874974012374878,
        1.1636483669281006
      ],
      [
        -0.11344912648200989,
        0.28207728266716003,
        -0.9526602625846863,
        -0.14319734275341034
      ],
      [
        0.0,
        0.0,
        0.0,
        1.0
      ]
    ],
    [
      [
        0.9931355714797974,
        0.06604943424463272,
        -0.09653632342815399,
        -0.02632666565477848
      ],
      [
        0.035720065236091614,
        -0.9571458101272583,
        -0.28739526867866516,
        1.1636207103729248
      ],
      [
        -0.1113816499710083,
        0.281974196434021,
        -0.9529348015785217,
        -0.14310188591480255
      ],
      [
        0.0,
        0.0,
        0.0,
        1.0
      ]
    ],
    [
      [
        0.9933671355247498,
        0.06700201332569122,
        -0.0934474989771843,
        -0.026725657284259796
      ],
      [
        0.037404865026474,
        -0.9567816853523254,
        -0.28839170932769775,
        1.1633819341659546
      ],
      [
        -0.108731709420681,
        0.2829834222793579,
        -0.9529416561126709,
        -0.14294379949569702
      ],
      [
        0.0,
        0.0,
        0.0,
        1.0
      ]
    ],
    [
      [
        0.9935323596000671,
        0.06896458566188812,
        -0.09020762890577316,
        -0.02698785997927189
      ],
      [
        0.040046148002147675,
        -0.9562000036239624,
        -0.28996196389198303,
        1.163060188293457
      ],
      [
        -0.10625363141298294,
        0.2844741642475128,
        -0.9527773261070251,
        -0.14278481900691986
      ],
      [
        0.0,
        0.0,
        0.0,
        1.0
      ]
    ],
    [
      [
        0.993691623210907,
        0.07080116868019104,
        -0.0869724452495575,
        -0.027103137224912643
      ],
      [
        0.042480457574129105,
        -0.9553611874580383,
        -0.29237061738967896,
        1.1627182960510254
      ],
      [
        -0.10379025340080261,
        0.2868316173553467,
        -0.9523419141769409,
        -0.14254149794578552
      ],
      [
        0.0,
        0.0,
        0.0,
        1.0
      ]
    ],
    [
      [
        0.9938492178916931,
        0.07253202795982361,
        -0.08368299156427383,
        -0.02699197828769684
      ],
      [
        0.04480894282460213,
        -0.9544223546981812,
        -0.2950763404369354,
        1.1624243259429932
      ],
      [
        -0.10127134621143341,
        0.28951165080070496,
        -0.9518020153045654,
        -0.14217212796211243
      ],
      [
        0.0,
        0.0,
        0.0,
        1.0
      ]
    ],
    [
      [
        0.9937987327575684,
        0.07570099085569382,
        -0.08144588768482208,
        -0.02667992375791073
      ],
      [
        0.04837820678949356,
        -0.9538742303848267,
        -0.29628264904022217,
        1.162309169769287
      ],
      [
        -0.10011806339025497,
        0.29050520062446594,
        -0.9516212344169617,
        -0.14183644950389862
      ],
      [
        0.0,
        0.0,
        0.0,
        1.0
      ]
    ],
    [
      [
        0.9936360120773315,
        0.07862814515829086,
        -0.08065326511859894,
        -0.026219457387924194
      ],
      [
        0.05142698436975479,
        -0.9537356495857239,
        -0.2962152063846588,
        1.1623175144195557
      ],
      [
        -0.10021272301673889,
        0.2901823818683624,
        -0.9517098069190979,
        -0.14156362414360046
      ],
      [
        0.0,
        0.0,
        0.0,
        1.0
      ]
    ],
    [
      [
        0.9936010241508484,
        0.07958213239908218,
        -0.08014871180057526,
        -0.02555469051003456
      ],
      [
        0.052475765347480774,
        -0.9536355137825012,
        -0.296353816986084,
        1.16224205493927
      ],
      [
        -0.10001707822084427,
        0.29025155305862427,
        -0.9517092108726501,
        -0.1412491500377655
      ],
      [
        0.0,
        0.0,
        0.0,
        1.0
      ]
    ],
    [
      [
        0.9937065243721008,
        0.07921560108661652,
        -0.07919622957706451,
        -0.024693729355931282
      ],
      [
        0.05241842567920685,
        -0.9536852836608887,
        -0.29620394110679626,
        1.1621726751327515
      ],
      [
        -0.09899228066205978,
        0.2901884615421295,
        -0.9518356919288635,
        -0.1409648060798645
      ],
      [
        0.0,
        0.0,
        0.0,
        0.9999999403953552
      ]
    ],
    [
      [
        0.9938149452209473,
        0.07879190891981125,
        -0.07825341820716858,
        -0.023803502321243286
      ],
      [
        0.05236024409532547,
        -0.9539073705673218,
        -0.29549822211265564,
        1.1622000932693481
      ],
      [
        -0.09792932868003845,
        0.28957316279411316,
        -0.9521329998970032,
        -0.14074720442295074
      ],
      [
        0.0,
        0.0,
        0.0,
        1.0
      ]
    ],
    [
      [
        0.9938734173774719,
        0.07812147587537766,
        -0.07818390429019928,
        -0.023078138008713722
      ],
      [
        0.05177842825651169,
        -0.954063892364502,
        -0.29509496688842773,
        1.1622698307037354
      ],
      [
        -0.09764562547206879,
        0.2892388105392456,
        -0.9522637128829956,
        -0.14052562415599823
      ],
      [
        0.0,
        0.0,
        0.0,
        1.0
      ]
    ],
    [
      [
        0.9937862157821655,
        0.07749612629413605,
        -0.07989536225795746,
        -0.022601349279284477
      ],
      [
        0.05069447681307793,
        -0.9541680812835693,
        -0.29494643211364746,
        1.1623443365097046
      ],
      [
        -0.09909072518348694,
        0.2890634834766388,
        -0.9521676898002625,
        -0.14029228687286377
      ],
      [
        0.0,
        0.0,
        0.0,
        0.9999999403953552
      ]
    ],
    [
      [
        0.9934214353561401,
        0.07791990786790848,
        -0.08391867578029633,
        -0.022327547892928123
      ],
      [
        0.0500311404466629,
        -0.9544950127601624,
        -0.29400041699409485,
        1.1624892950057983
      ],
      [
        -0.1030084565281868,
        0.28786778450012207,
        -0.9521141648292542,
        -0.14013837277889252
      ],
      [
        0.0,
        0.0,
        0.0,
        1.0000001192092896
      ]
    ],
    [
      [
        0.9929229617118835,
        0.0782834142446518,
        -0.08930718153715134,
        -0.02209356613457203
      ],
      [
        0.04892164468765259,
        -0.954840362071991,
        -0.2930639386177063,
        1.1625850200653076
      ],
      [
        -0.10821618139743805,
        0.2866208851337433,
        -0.951912522315979,
        -0.14006085693836212
      ],
      [
        0.0,
        0.0,
        0.0,
        0.9999998807907104
      ]
    ]
  ]
}