{
  "task": "assemble disassemble furniture bench chair",
  "instruction": "assemble disassemble furniture bench chair",
  "right_hand_xyzrpy": [
    [
      0.22103089094161987,
      1.410879135131836,
      -0.3037698566913605,
      0.49135278773547475,
      -0.6493875334908831,
      -1.5102602676732917
    ],
    [
      0.22103089094161987,
      1.410879135131836,
      -0.3037698566913605,
      0.49135278773547475,
      -0.6493875334908831,
      -1.5102602676732917
    ],
    [
      0.2209731787443161,
      1.4108551740646362,
      -0.30365583300590515,
      0.48361460967624004,
      -0.697854846548291,
      -1.4845541956659478
    ],
    [
      0.2208133339881897,
      1.4108871221542358,
      -0.3036530017852783,
      0.48638408398343613,
      -0.7667510023577728,
      -1.4606232515493498
    ],
    [
      0.2203434407711029,
      1.410787582397461,
      -0.30349019169807434,
      0.5029114262121916,
      -0.8247832526980364,
      -1.4478287674383612
    ],
    [
      0.21831125020980835,
      1.4102811813354492,
      -0.3031354546546936,
      0.5176848495969829,
      -0.8603794547566459,
      -1.4345060515805623
    ],
    [
      0.21535949409008026,
      1.4093347787857056,
      -0.3028928339481354,
      0.5275618165231589,
      -0.88218466328889,
      -1.4223152610379288
    ],
    [
      0.21205554902553558,
      1.4074201583862305,
      -0.303374707698822,
      0.5343265375644894,
      -0.8970975374036646,
      -1.4155460504046207
    ],
    [
      0.20850242674350739,
      1.4047480821609497,
      -0.30447858572006226,
      0.5362114413227608,
      -0.9051538605493344,
      -1.4111547984603232
    ],
    [
      0.20541459321975708,
      1.4025977849960327,
      -0.3049139678478241,
      0.5389911909754146,
      -0.9078240697318848,
      -1.4110300850767086
    ],
    [
      0.2031623125076294,
      1.4015238285064697,
      -0.30530858039855957,
      0.5417092345577386,
      -0.9065561343210014,
      -1.4128501005588225
    ],
    [
      0.20207153260707855,
      1.4013389348983765,
      -0.3054768145084381,
      0.5454029180142442,
      -0.9039262721888798,
      -1.416250513205476
    ],
    [
      0.20184315741062164,
      1.401567816734314,
      -0.30533507466316223,
      0.5485712286579091,
      -0.8978025407122446,
      -1.4121557675255252
    ],
    [
      0.2019803822040558,
      1.401737093925476,
      -0.3055430054664612,
      0.554196413021175,
      -0.8598180937330546,
      -1.346959638748818
    ],
    [
      0.20223766565322876,
      1.401776909828186,
      -0.3056151568889618,
      0.5728281926881633,
      -0.8034872853919466,
      -1.248115682710783
    ],
    [
      0.2024441957473755,
      1.4018009901046753,
      -0.3056430220603943,
      0.5902310224662863,
      -0.7704942622959954,
      -1.1746726709702822
    ],
    [
      0.20258240401744843,
      1.4019098281860352,
      -0.30558815598487854,
      0.5895922419701135,
      -0.7646225674980492,
      -1.1291577367930983
    ],
    [
      0.2027677744626999,
      1.4020256996154785,
      -0.30558541417121887,
      0.5756873514816256,
      -0.7747818741545426,
      -1.0874073815451777
    ],
    [
      0.20306716859340668,
      1.4022380113601685,
      -0.30555257201194763,
      0.5572728222843819,
      -0.8021348951316177,
      -1.0501382702468829
    ],
    [
      0.2039978802204132,
      1.4033349752426147,
      -0.3051920533180237,
      0.53552928660978,
      -0.8442878914548796,
      -1.0365520497644884
    ],
    [
      0.2044471800327301,
      1.4039461612701416,
      -0.30491918325424194,
      0.4996779229628108,
      -0.8922981434818693,
      -1.0575786412249462
    ],
    [
      0.20454064011573792,
      1.4041221141815186,
      -0.3049139082431793,
      0.48993277743822655,
      -0.9158151735972991,
      -1.1026326030756561
    ],
    [
      0.20464211702346802,
      1.4042075872421265,
      -0.3049103319644928,
      0.5164781705676257,
      -0.9001918211217234,
      -1.1480666769657448
    ],
    [
      0.20470361411571503,
      1.4041997194290161,
      -0.3049422800540924,
      0.521979712164643,
      -0.8576380658511097,
      -1.1557422938151605
    ],
    [
      0.20481882989406586,
      1.4042201042175293,
      -0.30501633882522583,
      0.5001324114696387,
      -0.816751390037131,
      -1.1124348709294347
    ],
    [
      0.20547133684158325,
      1.4043424129486084,
      -0.305397093296051,
      0.4691351167871366,
      -0.7869496801831983,
      -1.0529391310706926
    ],
    [
      0.20644742250442505,
      1.4043983221054077,
      -0.3061405420303345,
      0.4234516577344942,
      -0.756995593113441,
      -1.0040356550167495
    ],
    [
      0.20697756111621857,
      1.4043794870376587,
      -0.3065626621246338,
      0.3915192101315831,
      -0.7207362862299533,
      -0.9775682208626
    ],
    [
      0.20713864266872406,
      1.4044102430343628,
      -0.3067062795162201,
      0.3938220280304789,
      -0.6955887114733179,
      -0.9753689075077204
    ],
    [
      0.2070959359407425,
      1.4044145345687866,
      -0.3067571222782135,
      0.42289421630124896,
      -0.6928183512005018,
      -1.005521886135595
    ],
    [
      0.20589867234230042,
      1.4048479795455933,
      -0.30594345927238464,
      0.46535409690605867,
      -0.7174322443090051,
      -1.0643205472563375
    ],
    [
      0.20351991057395935,
      1.4059522151947021,
      -0.30413609743118286,
      0.5027446980256293,
      -0.7543116680800849,
      -1.1218102028217292
    ],
    [
      0.2014191746711731,
      1.4066848754882812,
      -0.30276599526405334,
      0.5286795866011746,
      -0.7746394982922535,
      -1.1554914055289771
    ],
    [
      0.20129086077213287,
      1.4066579341888428,
      -0.30283576250076294,
      0.538242839060158,
      -0.7798523037276351,
      -1.1656795652226675
    ],
    [
      0.2023688554763794,
      1.4065394401550293,
      -0.3037623465061188,
      0.5239735303468814,
      -0.7749779132331739,
      -1.1373022250339806
    ],
    [
      0.20381850004196167,
      1.4066320657730103,
      -0.3047989010810852,
      0.47917892800146317,
      -0.7582465580708836,
      -1.0729923389452038
    ],
    [
      0.2064899206161499,
      1.4064878225326538,
      -0.30688440799713135,
      0.4294480057876525,
      -0.7296799429916313,
      -1.012193782005337
    ],
    [
      0.2089192271232605,
      1.4062526226043701,
      -0.30853182077407837,
      0.3960912561788732,
      -0.7055941893700748,
      -0.9754675202040581
    ],
    [
      0.20971372723579407,
      1.4063326120376587,
      -0.30874016880989075,
      0.38826298990198543,
      -0.6989335856284029,
      -0.9600852117930961
    ],
    [
      0.20912417769432068,
      1.4066369533538818,
      -0.3079656660556793,
      0.4107039602853191,
      -0.7251071455073068,
      -0.979912912282076
    ],
    [
      0.20810268819332123,
      1.406854271888733,
      -0.3071841597557068,
      0.4574993891837147,
      -0.7787194715674967,
      -1.0565777034085566
    ],
    [
      0.20616011321544647,
      1.4072567224502563,
      -0.30611830949783325,
      0.4992182606193197,
      -0.8278343198530695,
      -1.1393308428292401
    ],
    [
      0.20472171902656555,
      1.4073972702026367,
      -0.30536413192749023,
      0.5110382603277356,
      -0.8563937077401623,
      -1.1801994286882722
    ],
    [
      0.20427407324314117,
      1.4072591066360474,
      -0.30530479550361633,
      0.4996198023784322,
      -0.8639491644855889,
      -1.1849181746071304
    ],
    [
      0.20437464118003845,
      1.407050609588623,
      -0.30555689334869385,
      0.47642089658821146,
      -0.8519134893117747,
      -1.167236087327778
    ],
    [
      0.2047780305147171,
      1.4068454504013062,
      -0.3060762286186218,
      0.4413072078375024,
      -0.8227984621422011,
      -1.1244567047115195
    ],
    [
      0.20605573058128357,
      1.4065455198287964,
      -0.30725571513175964,
      0.4151264229850658,
      -0.7876647613643187,
      -1.072090533586444
    ],
    [
      0.20812545716762543,
      1.4061416387557983,
      -0.30925121903419495,
      0.40312656726499846,
      -0.748107948958952,
      -1.0228000823770973
    ],
    [
      0.20994073152542114,
      1.4057387113571167,
      -0.31093353033065796,
      0.4028508178411718,
      -0.7171656154388621,
      -0.9857582417495894
    ],
    [
      0.2106153964996338,
      1.4057528972625732,
      -0.3113991320133209,
      0.4053683255832726,
      -0.7022614984835442,
      -0.9530071453503614
    ],
    [
      0.21054919064044952,
      1.4060603380203247,
      -0.3109179437160492,
      0.4078872591305019,
      -0.7181349040696232,
      -0.927302056797662
    ],
    [
      0.21008923649787903,
      1.4063948392868042,
      -0.3102028965950012,
      0.40929528045976626,
      -0.7692462190541461,
      -0.9319580604524421
    ],
    [
      0.2081785947084427,
      1.406815767288208,
      -0.3086530566215515,
      0.40974829035542715,
      -0.8212347652196571,
      -0.9803341121383503
    ],
    [
      0.2051658183336258,
      1.4071085453033447,
      -0.30679988861083984,
      0.4184237220933157,
      -0.8536466568004739,
      -1.0479550269826527
    ],
    [
      0.2031840980052948,
      1.406610131263733,
      -0.3061092495918274,
      0.44573224204324124,
      -0.8566795116188105,
      -1.1005353599143741
    ],
    [
      0.20280395448207855,
      1.4058070182800293,
      -0.30634424090385437,
      0.4726472674612004,
      -0.8366581341843817,
      -1.124000938840199
    ],
    [
      0.2031567394733429,
      1.4054169654846191,
      -0.3065680265426636,
      0.4877676807194337,
      -0.8137034546257461,
      -1.1233518750492508
    ],
    [
      0.20350345969200134,
      1.4052802324295044,
      -0.3066904842853546,
      0.5055584093999744,
      -0.7871804398305535,
      -1.1131204418395368
    ],
    [
      0.20384690165519714,
      1.4052165746688843,
      -0.30672967433929443,
      0.5349241003611951,
      -0.7579366120352603,
      -1.1160693634215735
    ],
    [
      0.2041400521993637,
      1.4052479267120361,
      -0.30676981806755066,
      0.5704866351604062,
      -0.7300360821244855,
      -1.1334125283035013
    ],
    [
      0.20446953177452087,
      1.405380368232727,
      -0.3067585527896881,
      0.6060937012771713,
      -0.7001285699409159,
      -1.1685057196766286
    ],
    [
      0.20486441254615784,
      1.405683159828186,
      -0.30662721395492554,
      0.6223001947106284,
      -0.6588837635204609,
      -1.2224638101852001
    ],
    [
      0.2060205042362213,
      1.4069138765335083,
      -0.3059510886669159,
      0.6100942855676448,
      -0.611737377973745,
      -1.28473877938321
    ],
    [
      0.20708514750003815,
      1.409858226776123,
      -0.30389395356178284,
      0.5762109634381577,
      -0.5695167077013241,
      -1.3397910875568848
    ],
    [
      0.2065303474664688,
      1.4145398139953613,
      -0.30008500814437866,
      0.5165929012549054,
      -0.5301661466879776,
      -1.361514312613268
    ],
    [
      0.20339885354042053,
      1.419873595237732,
      -0.2949012517929077,
      0.42895639957438503,
      -0.47991005889668414,
      -1.3281557982965866
    ],
    [
      0.19747821986675262,
      1.4240189790725708,
      -0.2891899347305298,
      0.3417161892076709,
      -0.41570224350584434,
      -1.2492807950270375
    ],
    [
      0.18955783545970917,
      1.4249223470687866,
      -0.2829242944717407,
      0.266172006965126,
      -0.35302907392535693,
      -1.143201896223085
    ],
    [
      0.18038302659988403,
      1.422993779182434,
      -0.27620166540145874,
      0.19476269794298784,
      -0.31859923237991405,
      -1.0227913821196377
    ],
    [
      0.1701679229736328,
      1.417737364768982,
      -0.26935702562332153,
      0.12387053197876152,
      -0.3185860835190854,
      -0.8924944870706737
    ],
    [
      0.15995486080646515,
      1.4083621501922607,
      -0.2644631266593933,
      0.06582707917883193,
      -0.334098231686859,
      -0.7692391802725996
    ],
    [
      0.1505104899406433,
      1.3957996368408203,
      -0.2630930244922638,
      0.023936552335820045,
      -0.36102789365666926,
      -0.6681560597312489
    ],
    [
      0.14316613972187042,
      1.3827913999557495,
      -0.26210305094718933,
      -0.02821805106295348,
      -0.4016595244788383,
      -0.5712032921462291
    ],
    [
      0.13828349113464355,
      1.371017575263977,
      -0.2622619569301605,
      -0.07650106874283083,
      -0.4437244870856598,
      -0.479026230502117
    ]
  ],
  "left_hand_xyzrpy": [
    [
      -0.0957847610116005,
      1.3506813049316406,
      -0.3754451274871826,
      3.045768122542314,
      1.2007092641039945,
      0.2953163746795702
    ],
    [
      -0.0957847610116005,
      1.3506813049316406,
      -0.3754451274871826,
      3.045768122542314,
      1.2007092641039945,
      0.2953163746795702
    ],
    [
      -0.09580837190151215,
      1.3506419658660889,
      -0.375384122133255,
      3.0402388791693955,
      1.200359568643456,
      0.29171892665895227
    ],
    [
      -0.0957978144288063,
      1.350561261177063,
      -0.3753812313079834,
      2.999668489403978,
      1.1907246344168472,
      0.2653577710749987
    ],
    [
      -0.0958043709397316,
      1.3504616022109985,
      -0.3753575086593628,
      2.929812383596812,
      1.1710734198845558,
      0.2144743150670919
    ],
    [
      -0.09583307802677155,
      1.3503994941711426,
      -0.3753412365913391,
      2.8550476671352962,
      1.146362107177884,
      0.15059255841024927
    ],
    [
      -0.09583349525928497,
      1.3503446578979492,
      -0.37530380487442017,
      2.7918245213031394,
      1.11952625660072,
      0.08389401869855874
    ],
    [
      -0.09589317440986633,
      1.3502877950668335,
      -0.37526991963386536,
      2.7464224162371416,
      1.1005696452020994,
      0.02586241431790992
    ],
    [
      -0.09596014767885208,
      1.3502517938613892,
      -0.37502703070640564,
      2.7193116346108903,
      1.0921991560538113,
      -0.011967884260278913
    ],
    [
      -0.09593728929758072,
      1.3502196073532104,
      -0.37522071599960327,
      2.705391436721267,
      1.0899616914668533,
      -0.03168054307405842
    ],
    [
      -0.09598631411790848,
      1.3501455783843994,
      -0.37511101365089417,
      2.6982531437958692,
      1.090078073626722,
      -0.04156163131839199
    ],
    [
      -0.09602925926446915,
      1.350114107131958,
      -0.3748731315135956,
      2.6934131808403707,
      1.0910023200006311,
      -0.047384899379457605
    ],
    [
      -0.09589716047048569,
      1.3501355648040771,
      -0.37512511014938354,
      2.691661984829978,
      1.091122422132268,
      -0.049019429042101534
    ],
    [
      -0.09595911204814911,
      1.3500802516937256,
      -0.3750855326652527,
      2.691171136603236,
      1.090975591362292,
      -0.04929540857057975
    ],
    [
      -0.09596032649278641,
      1.350111961364746,
      -0.375089555978775,
      2.690347327033706,
      1.0909054836312757,
      -0.050214797358789504
    ],
    [
      -0.09589125216007233,
      1.350134253501892,
      -0.3750728666782379,
      2.6885631127475023,
      1.0911164809448954,
      -0.05182766568308877
    ],
    [
      -0.09588818997144699,
      1.3501274585723877,
      -0.3750814199447632,
      2.6862420791648365,
      1.0916849466650864,
      -0.053631615988132715
    ],
    [
      -0.09591574966907501,
      1.3501596450805664,
      -0.3750831186771393,
      2.684496037516037,
      1.0922053684886681,
      -0.05484400685619779
    ],
    [
      -0.09592372924089432,
      1.3501783609390259,
      -0.3750731647014618,
      2.6830707406547933,
      1.0926651657542374,
      -0.05591399224641316
    ],
    [
      -0.09595851600170135,
      1.3501667976379395,
      -0.3750482201576233,
      2.6818994303098527,
      1.0931063121789881,
      -0.05697826002939905
    ],
    [
      -0.09597030282020569,
      1.350181221961975,
      -0.3750922381877899,
      2.681203138270946,
      1.0934049862002815,
      -0.05753226554729598
    ],
    [
      -0.0960020050406456,
      1.350170373916626,
      -0.37504521012306213,
      2.6806888709101324,
      1.0934231482358143,
      -0.05813435375607672
    ],
    [
      -0.09603182971477509,
      1.3501498699188232,
      -0.3750026524066925,
      2.680241617675312,
      1.0934432569475852,
      -0.05856488899419551
    ],
    [
      -0.09602589160203934,
      1.3501179218292236,
      -0.3750287592411041,
      2.6797856345458815,
      1.093427040183536,
      -0.05911292048354381
    ],
    [
      -0.09606851637363434,
      1.3501213788986206,
      -0.37505456805229187,
      2.6797946395541676,
      1.0933895489714214,
      -0.05902175256071608
    ],
    [
      -0.0961097702383995,
      1.350066900253296,
      -0.3750247359275818,
      2.6796900377041264,
      1.0933370139548544,
      -0.05947163105773851
    ],
    [
      -0.09615452587604523,
      1.3500330448150635,
      -0.37504035234451294,
      2.6793318945297915,
      1.0932938224926296,
      -0.06004706411476687
    ],
    [
      -0.09621389955282211,
      1.350043773651123,
      -0.3750500977039337,
      2.6788385885285733,
      1.0932815012649686,
      -0.06094027128196052
    ],
    [
      -0.09622330218553543,
      1.3500397205352783,
      -0.37506136298179626,
      2.678013608385354,
      1.093107219741659,
      -0.062136513270368114
    ],
    [
      -0.09628854691982269,
      1.3500789403915405,
      -0.37503260374069214,
      2.6774202254444996,
      1.0930153046874589,
      -0.06313600069059437
    ],
    [
      -0.09631849080324173,
      1.3500412702560425,
      -0.37492063641548157,
      2.676538910694744,
      1.092876361139158,
      -0.06434491404376105
    ],
    [
      -0.09633989632129669,
      1.3500279188156128,
      -0.37492498755455017,
      2.6755092457354053,
      1.0929284606014802,
      -0.06567052011221157
    ],
    [
      -0.09636546671390533,
      1.3500107526779175,
      -0.3749648630619049,
      2.6745066400579867,
      1.0928324305904507,
      -0.0670898986752049
    ],
    [
      -0.09640800952911377,
      1.3499717712402344,
      -0.3749855160713196,
      2.673483959310699,
      1.0926914633091682,
      -0.06847063200986665
    ],
    [
      -0.09646333009004593,
      1.3499659299850464,
      -0.37494856119155884,
      2.6725664895476617,
      1.0925735881330865,
      -0.06981082791687018
    ],
    [
      -0.09648658335208893,
      1.3499629497528076,
      -0.37486475706100464,
      2.6717971533439173,
      1.0923929413970508,
      -0.07096549208808023
    ],
    [
      -0.09653396904468536,
      1.3499163389205933,
      -0.3748267590999603,
      2.6707988016417157,
      1.0921844018191484,
      -0.07224703320726128
    ],
    [
      -0.09656595438718796,
      1.3499665260314941,
      -0.3748212456703186,
      2.6704081700324873,
      1.092087733135006,
      -0.07278816384631007
    ],
    [
      -0.09660802781581879,
      1.3499294519424438,
      -0.3747895061969757,
      2.669077069611731,
      1.0920022086572323,
      -0.0743589894008364
    ],
    [
      -0.09666169434785843,
      1.3498605489730835,
      -0.37480583786964417,
      2.6676053357543026,
      1.0919756872869884,
      -0.07578352783484986
    ],
    [
      -0.09665384888648987,
      1.3499404191970825,
      -0.37481123208999634,
      2.667033696250011,
      1.0918074051903408,
      -0.0764292050897639
    ],
    [
      -0.09670408815145493,
      1.3499205112457275,
      -0.3748254179954529,
      2.6663565882827545,
      1.09179977493508,
      -0.07716355745072355
    ],
    [
      -0.09666520357131958,
      1.3499003648757935,
      -0.37486547231674194,
      2.665582199180867,
      1.0916006519755976,
      -0.07796047361877759
    ],
    [
      -0.09671249985694885,
      1.3499265909194946,
      -0.37487006187438965,
      2.664924832776334,
      1.091434559059357,
      -0.07874299058731253
    ],
    [
      -0.09672553837299347,
      1.3499144315719604,
      -0.3748556971549988,
      2.6641577913664762,
      1.0913615466739028,
      -0.07951936979084713
    ],
    [
      -0.09675510972738266,
      1.3498892784118652,
      -0.3747970461845398,
      2.6631452323348963,
      1.0912585714115928,
      -0.08057831842454463
    ],
    [
      -0.09675712138414383,
      1.3499114513397217,
      -0.3747482895851135,
      2.6625523071409365,
      1.0911071818313127,
      -0.08120476473790993
    ],
    [
      -0.09677853435277939,
      1.3499077558517456,
      -0.37473446130752563,
      2.6617156698399547,
      1.0909568692206966,
      -0.08212679631422216
    ],
    [
      -0.0968414768576622,
      1.3498860597610474,
      -0.37470027804374695,
      2.6604920968073253,
      1.0909300138073998,
      -0.08335501369597165
    ],
    [
      -0.09688456356525421,
      1.3499025106430054,
      -0.37467512488365173,
      2.65910938544684,
      1.0911585873451566,
      -0.08470388243541245
    ],
    [
      -0.09684870392084122,
      1.3499233722686768,
      -0.3746548295021057,
      2.6584601739957927,
      1.0910586224941068,
      -0.08532977100153624
    ],
    [
      -0.09686467051506042,
      1.34992516040802,
      -0.3746422827243805,
      2.657656079614212,
      1.0910007704768618,
      -0.08608878407368303
    ],
    [
      -0.09691069275140762,
      1.349914312362671,
      -0.3746541142463684,
      2.6570062964547367,
      1.0909699100895194,
      -0.08662853968833792
    ],
    [
      -0.09693295508623123,
      1.3499059677124023,
      -0.3746240735054016,
      2.655782254395371,
      1.090922654633165,
      -0.08777582154639957
    ],
    [
      -0.09691207110881805,
      1.3499369621276855,
      -0.37463468313217163,
      2.6553925388044632,
      1.090880825514172,
      -0.0880671970045004
    ],
    [
      -0.09689842909574509,
      1.3499699831008911,
      -0.3746245801448822,
      2.6546565001187097,
      1.0906252761218915,
      -0.08867970043247576
    ],
    [
      -0.0969313457608223,
      1.3499242067337036,
      -0.37461650371551514,
      2.6534236145297507,
      1.0906273406649378,
      -0.08972865787404627
    ],
    [
      -0.09694002568721771,
      1.3499234914779663,
      -0.374604731798172,
      2.6523996943593375,
      1.0905454103944572,
      -0.0906835202173768
    ],
    [
      -0.09690281003713608,
      1.3499670028686523,
      -0.37457001209259033,
      2.6520616954748837,
      1.0902665569706216,
      -0.09106075715569129
    ],
    [
      -0.09697330743074417,
      1.3499706983566284,
      -0.37461093068122864,
      2.6512512600245457,
      1.0902115004132267,
      -0.09196219263062254
    ],
    [
      -0.09700098633766174,
      1.3499778509140015,
      -0.37464210391044617,
      2.6504726813671793,
      1.0900185260216362,
      -0.09288427644708652
    ],
    [
      -0.09699422121047974,
      1.3499940633773804,
      -0.37467166781425476,
      2.649747064594021,
      1.0897793729526997,
      -0.09383514934278692
    ],
    [
      -0.09696323424577713,
      1.3500381708145142,
      -0.37464645504951477,
      2.6492128217977626,
      1.08953247478307,
      -0.09470379453363345
    ],
    [
      -0.09705343842506409,
      1.3499839305877686,
      -0.37469911575317383,
      2.648110471036418,
      1.0895185685005102,
      -0.09625848797897911
    ],
    [
      -0.0970546305179596,
      1.3500325679779053,
      -0.3746773898601532,
      2.647720795481775,
      1.089321602596325,
      -0.09714987362740451
    ],
    [
      -0.09707317501306534,
      1.350014567375183,
      -0.3747415244579315,
      2.652153917692135,
      1.0874071768825189,
      -0.0979902336514511
    ],
    [
      -0.09713628143072128,
      1.3500090837478638,
      -0.3748506009578705,
      2.666742026636025,
      1.0837217359403828,
      -0.09354365835954943
    ],
    [
      -0.09722290933132172,
      1.3500111103057861,
      -0.3751296103000641,
      2.681436562069117,
      1.08093541231794,
      -0.08693414192145428
    ],
    [
      -0.09739719331264496,
      1.349958896636963,
      -0.3749713599681854,
      2.704063780924327,
      1.081431099059611,
      -0.06816466942021339
    ],
    [
      -0.09744387120008469,
      1.3499394655227661,
      -0.3749231994152069,
      2.7257000998134298,
      1.0847490358659355,
      -0.04610563618781864
    ],
    [
      -0.09774034470319748,
      1.3498317003250122,
      -0.37460631132125854,
      2.734467830239444,
      1.0889555462624658,
      -0.03554081487983235
    ],
    [
      -0.09771111607551575,
      1.3498426675796509,
      -0.37480032444000244,
      2.7398428060160382,
      1.0886619857352728,
      -0.02996694929587992
    ],
    [
      -0.0979936420917511,
      1.3497823476791382,
      -0.37453749775886536,
      2.740895457610241,
      1.0899355316099872,
      -0.028584575819953138
    ],
    [
      -0.09797728806734085,
      1.3498140573501587,
      -0.374695360660553,
      2.7432869437719436,
      1.0906935394146529,
      -0.03007945679504224
    ]
  ],
  "instrinsic": [
    [
      736.6339111328125,
      0.0,
      960.0
    ],
    [
      0.0,
      736.6339111328125,
      540.0
    ],
    [
      0.0,
      0.0,
      1.0
    ]
  ],
  "extrinsics": [
    [
      [
        0.9941871166229248,
        0.06606956571340561,
        -0.08501001447439194,
        -0.01942932792007923
      ],
      [
        0.04839015379548073,
        -0.9795347452163696,
        -0.19537191092967987,
        1.5786226987838745
      ],
      [
        -0.09617841243743896,
        0.1901226043701172,
        -0.9770379066467285,
        -0.07987154275178909
      ],
      [
        0.0,
        0.0,
        0.0,
        1.0
      ]
    ],
    [
      [
        0.9941871166229248,
        0.06606956571340561,
        -0.08501001447439194,
        -0.01942932792007923
      ],
      [
        0.04839015379548073,
        -0.9795347452163696,
        -0.19537191092967987,
        1.5786226987838745
      ],
      [
        -0.09617841243743896,
        0.1901226043701172,
        -0.9770379066467285,
        -0.07987154275178909
      ],
      [
        0.0,
        0.0,
        0.0,
        1.0
      ]
    ],
    [
      [
        0.9942106008529663,
        0.0662313774228096,
        -0.08460833132266998,
        -0.019277317449450493
      ],
      [
        0.04844404011964798,
        -0.9791592359542847,
        -0.19723211228847504,
        1.578358769416809
      ],
      [
        -0.09590794146060944,
        0.19199147820472717,
        -0.9766989350318909,
        -0.07982592284679413
      ],
      [
        0.0,
        0.0,
        0.0,
        1.0
      ]
    ],
    [
      [
        0.9942715764045715,
        0.06625921279191971,
        -0.08386564999818802,
        -0.01908460073173046
      ],
      [
        0.048439837992191315,
        -0.9787953495979309,
        -0.1990308165550232,
        1.5781033039093018
      ],
      [
        -0.09527495503425598,
        0.19382824003696442,
        -0.9763980507850647,
        -0.07975450158119202
      ],
      [
        0.0,
        0.0,
        0.0,
        0.9999999403953552
      ]
    ],
    [
      [
        0.9944226741790771,
        0.06564811617136002,
        -0.08254498988389969,
        -0.018853403627872467
      ],
      [
        0.047950249165296555,
        -0.9785091876983643,
        -0.20055072009563446,
        1.5779073238372803
      ],
      [
        -0.09393680840730667,
        0.19547417759895325,
        -0.9761996269226074,
        -0.07969390600919724
      ],
      [
        0.0,
        0.0,
        0.0,
        1.0
      ]
    ],
    [
      [
        0.9946317672729492,
        0.06484314054250717,
        -0.08063972741365433,
        -0.018597224727272987
      ],
      [
        0.0474243238568306,
        -0.9782961010932922,
        -0.20171226561069489,
        1.5777510404586792
      ],
      [
        -0.09196914732456207,
        0.1968051791191101,
        -0.9761195182800293,
        -0.07967087626457214
      ],
      [
        0.0,
        0.0,
        0.0,
        1.0
      ]
    ],
    [
      [
        0.9948084950447083,
        0.06445350497961044,
        -0.07875118404626846,
        -0.018377188593149185
      ],
      [
        0.0473136268556118,
        -0.9780726432800293,
        -0.20281843841075897,
        1.5775762796401978
      ],
      [
        -0.09009673446416855,
        0.19803956151008606,
        -0.9760444164276123,
        -0.07969491183757782
      ],
      [
        0.0,
        0.0,
        0.0,
        1.0
      ]
    ],
    [
      [
        0.9949372410774231,
        0.06407856196165085,
        -0.07741700857877731,
        -0.01827946864068508
      ],
      [
        0.0470849946141243,
        -0.9777947068214417,
        -0.2042064517736435,
        1.5773744583129883
      ],
      [
        -0.08878324180841446,
        0.19952751696109772,
        -0.975861668586731,
        -0.07976724952459335
      ],
      [
        0.0,
        0.0,
        0.0,
        1.0
      ]
    ],
    [
      [
        0.9950395822525024,
        0.0633666068315506,
        -0.07668713480234146,
        -0.018333055078983307
      ],
      [
        0.04633426293730736,
        -0.9773701429367065,
        -0.20639961957931519,
        1.5770773887634277
      ],
      [
        -0.08803056180477142,
        0.20182260870933533,
        -0.9754579067230225,
        -0.07985072582960129
      ],
      [
        0.0,
        0.0,
        0.0,
        1.0
      ]
    ],
    [
      [
        0.9950860142707825,
        0.06304111331701279,
        -0.07635152339935303,
        -0.018512824550271034
      ],
      [
        0.04582701995968819,
        -0.9767892360687256,
        -0.2092432826757431,
        1.5767018795013428
      ],
      [
        -0.08777028322219849,
        0.20471608638763428,
        -0.9748782515525818,
        -0.07993410527706146
      ],
      [
        0.0,
        0.0,
        0.0,
        0.9999999403953552
      ]
    ],
    [
      [
        0.9950565695762634,
        0.06370364874601364,
        -0.07618334144353867,
        -0.01877855323255062
      ],
      [
        0.04624927416443825,
        -0.9761399626731873,
        -0.21215961873531342,
        1.5763081312179565
      ],
      [
        -0.08788095414638519,
        0.20758748054504395,
        -0.9742608666419983,
        -0.08000423014163971
      ],
      [
        0.0,
        0.0,
        0.0,
        0.9999999403953552
      ]
    ],
    [
      [
        0.994957685470581,
        0.0653608962893486,
        -0.07607176899909973,
        -0.01908288523554802
      ],
      [
        0.04769093915820122,
        -0.9755699038505554,
        -0.2144506722688675,
        1.5759923458099365
      ],
      [
        -0.08823000639677048,
        0.20974145829677582,
        -0.9737678170204163,
        -0.08008136600255966
      ],
      [
        0.0,
        0.0,
        0.0,
        1.0000001192092896
      ]
    ],
    [
      [
        0.994829535484314,
        0.06706839799880981,
        -0.07626151293516159,
        -0.01944877579808235
      ],
      [
        0.0491957888007164,
        -0.9751821756362915,
        -0.21586906909942627,
        1.5758023262023926
      ],
      [
        -0.0888468474149704,
        0.2110012024641037,
        -0.9734395146369934,
        -0.0801587924361229
      ],
      [
        0.0,
        0.0,
        0.0,
        0.9999998807907104
      ]
    ],
    [
      [
        0.9946810603141785,
        0.06853486597537994,
        -0.07689335197210312,
        -0.0198679082095623
      ],
      [
        0.05039236694574356,
        -0.9748643636703491,
        -0.21702606976032257,
        1.5756423473358154
      ],
      [
        -0.08983442187309265,
        0.2119968980550766,
        -0.9731326699256897,
        -0.08018142729997635
      ],
      [
        0.0,
        0.0,
        0.0,
        1.0000001192092896
      ]
    ],
    [
      [
        0.9944474101066589,
        0.07050473988056183,
        -0.07812470197677612,
        -0.0202866829931736
      ],
      [
        0.05196394771337509,
        -0.9745529890060425,
        -0.21805106103420258,
        1.5754622220993042
      ],
      [
        -0.09151030331850052,
        0.2127806693315506,
        -0.9728052616119385,
        -0.08014310151338577
      ],
      [
        0.0,
        0.0,
        0.0,
        1.0000001192092896
      ]
    ],
    [
      [
        0.994286060333252,
        0.07110847532749176,
        -0.07961627840995789,
        -0.020704759284853935
      ],
      [
        0.052113983780145645,
        -0.9742590188980103,
        -0.2193252295255661,
        1.5752662420272827
      ],
      [
        -0.09316276013851166,
        0.2139229029417038,
        -0.9723978638648987,
        -0.08007118850946426
      ],
      [
        0.0,
        0.0,
        0.0,
        0.9999999403953552
      ]
    ],
    [
      [
        0.9943050146102905,
        0.07003539055585861,
        -0.08032738417387009,
        -0.02107503078877926
      ],
      [
        0.05078471451997757,
        -0.9740375280380249,
        -0.2206173837184906,
        1.5751441717147827
      ],
      [
        -0.09369287639856339,
        0.21528156101703644,
        -0.9720470309257507,
        -0.08004588633775711
      ],
      [
        0.0,
        0.0,
        0.0,
        1.0
      ]
    ],
    [
      [
        0.9943668842315674,
        0.06956814229488373,
        -0.07996642589569092,
        -0.021359900012612343
      ],
      [
        0.05032648146152496,
        -0.9738748669624329,
        -0.22143878042697906,
        1.5750969648361206
      ],
      [
        -0.09328237920999527,
        0.21616700291633606,
        -0.9718899130821228,
        -0.08013871312141418
      ],
      [
        0.0,
        0.0,
        0.0,
        1.0
      ]
    ],
    [
      [
        0.9943526983261108,
        0.0708162933588028,
        -0.0790414810180664,
        -0.021540191024541855
      ],
      [
        0.05167557671666145,
        -0.9736255407333374,
        -0.22222258150577545,
        1.5749841928482056
      ],
      [
        -0.09269379824399948,
        0.2168830931186676,
        -0.9717866778373718,
        -0.08032598346471786
      ],
      [
        0.0,
        0.0,
        0.0,
        0.9999999403953552
      ]
    ],
    [
      [
        0.9943073987960815,
        0.07241939753293991,
        -0.07815342396497726,
        -0.02165941707789898
      ],
      [
        0.053341224789619446,
        -0.9732993841171265,
        -0.22325561940670013,
        1.5747853517532349
      ],
      [
        -0.09223476052284241,
        0.21781598031520844,
        -0.9716216921806335,
        -0.08052600920200348
      ],
      [
        0.0,
        0.0,
        0.0,
        1.0
      ]
    ],
    [
      [
        0.9942841529846191,
        0.07328709214925766,
        -0.07764086872339249,
        -0.021751567721366882
      ],
      [
        0.054151568561792374,
        -0.9728863835334778,
        -0.2248552441596985,
        1.574516773223877
      ],
      [
        -0.09201477468013763,
        0.21936564147472382,
        -0.9712938666343689,
        -0.08065640926361084
      ],
      [
        0.0,
        0.0,
        0.0,
        1.0
      ]
    ],
    [
      [
        0.9942843914031982,
        0.07331083714962006,
        -0.07761409878730774,
        -0.02185586839914322
      ],
      [
        0.05405275896191597,
        -0.9725787043571472,
        -0.22620566189289093,
        1.5743310451507568
      ],
      [
        -0.0920691266655922,
        0.22071754932403564,
        -0.9709824919700623,
        -0.08079404383897781
      ],
      [
        0.0,
        0.0,
        0.0,
        1.0
      ]
    ],
    [
      [
        0.9943100214004517,
        0.0726756751537323,
        -0.07788257300853729,
        -0.021990139037370682
      ],
      [
        0.05330585315823555,
        -0.9724583625793457,
        -0.2268994301557541,
        1.5742729902267456
      ],
      [
        -0.09222763776779175,
        0.22145682573318481,
        -0.9707990288734436,
        -0.08100604265928268
      ],
      [
        0.0,
        0.0,
        0.0,
        1.0
      ]
    ],
    [
      [
        0.9943541288375854,
        0.07198087126016617,
        -0.07796409726142883,
        -0.02212696522474289
      ],
      [
        0.05253509059548378,
        -0.9723204970359802,
        -0.22766876220703125,
        1.5741944313049316
      ],
      [
        -0.09219387173652649,
        0.22228753566741943,
        -0.9706124663352966,
        -0.08124354481697083
      ],
      [
        0.0,
        0.0,
        0.0,
        1.0
      ]
    ],
    [
      [
        0.9943662285804749,
        0.07222221046686172,
        -0.0775860920548439,
        -0.02220388874411583
      ],
      [
        0.05269075557589531,
        -0.9719027280807495,
        -0.2294101119041443,
        1.5739234685897827
      ],
      [
        -0.09197459369897842,
        0.22402963042259216,
        -0.9702326059341431,
        -0.08141426742076874
      ],
      [
        0.0,
        0.0,
        0.0,
        1.0
      ]
    ],
    [
      [
        0.9943366050720215,
        0.07300805300474167,
        -0.07722987979650497,
        -0.02225496992468834
      ],
      [
        0.0533338338136673,
        -0.9713531136512756,
        -0.23157881200313568,
        1.5735269784927368
      ],
      [
        -0.09192459285259247,
        0.2261483520269394,
        -0.9697456955909729,
        -0.08152060210704803
      ],
      [
        0.0,
        0.0,
        0.0,
        1.0
      ]
    ],
    [
      [
        0.9943348169326782,
        0.07322639971971512,
        -0.0770462155342102,
        -0.0223196130245924
      ],
      [
        0.05343835800886154,
        -0.9709668159484863,
        -0.23316890001296997,
        1.5732227563858032
      ],
      [
        -0.09188342839479446,
        0.22773075103759766,
        -0.969379186630249,
        -0.08162748068571091
      ],
      [
        0.0,
        0.0,
        0.0,
        1.0
      ]
    ],
    [
      [
        0.9943225979804993,
        0.07340746372938156,
        -0.0770302414894104,
        -0.02238035574555397
      ],
      [
        0.053528621792793274,
        -0.9707329869270325,
        -0.23411989212036133,
        1.5730375051498413
      ],
      [
        -0.09196192771196365,
        0.22866742312908173,
        -0.9691512584686279,
        -0.08172935992479324
      ],
      [
        0.0,
        0.0,
        0.0,
        0.9999998807907104
      ]
    ],
    [
      [
        0.994249701499939,
        0.0740676000714302,
        -0.07734011858701706,
        -0.02244141325354576
      ],
      [
        0.05404132977128029,
        -0.9705517292022705,
        -0.2347531020641327,
        1.5729143619537354
      ],
      [
        -0.09245019406080246,
        0.22922365367412567,
        -0.9689732789993286,
        -0.0817938968539238
      ],
      [
        0.0,
        0.0,
        0.0,
        1.0
      ]
    ],
    [
      [
        0.99418705701828,
        0.07450548559427261,
        -0.07772348076105118,
        -0.022472728043794632
      ],
      [
