{
  "task": "assemble disassemble furniture bench drawer",
  "instruction": "assemble disassemble furniture bench drawer",
  "right_hand_xyzrpy": [
    [
      0.25658243894577026,
      0.9545915126800537,
      -0.34061485528945923,
      0.27992940714414727,
      -0.846905056202297,
      -0.7931917486498452
    ],
    [
      0.25658243894577026,
      0.9545915126800537,
      -0.34061485528945923,
      0.27992940714414727,
      -0.846905056202297,
      -0.7931917486498452
    ],
    [
      0.25631576776504517,
      0.9544264078140259,
      -0.3405032455921173,
      0.23897014677070022,
      -0.8566433828442633,
      -0.7553523685932486
    ],
    [
      0.25602060556411743,
      0.9545971155166626,
      -0.3403899073600769,
      0.18387475519936194,
      -0.8684563882161875,
      -0.7059973642407487
    ],
    [
      0.2549653947353363,
      0.9553665518760681,
      -0.3403107821941376,
      0.14766737709791763,
      -0.8746354641197437,
      -0.6730675541414348
    ],
    [
      0.252352774143219,
      0.9578368663787842,
      -0.34098389744758606,
      0.1289235218529004,
      -0.8786882109789474,
      -0.650261905960394
    ],
    [
      0.24779284000396729,
      0.962064266204834,
      -0.3430909812450409,
      0.12085510062537462,
      -0.8831243870367448,
      -0.6254243932381909
    ],
    [
      0.24146535992622375,
      0.9668937921524048,
      -0.34753280878067017,
      0.11348708390842613,
      -0.8947580727470472,
      -0.5894743695689526
    ],
    [
      0.23375104367733002,
      0.9715101718902588,
      -0.3533724248409271,
      0.10092034319411004,
      -0.9176945265029824,
      -0.5390957112882708
    ],
    [
      0.2248380333185196,
      0.9756447076797485,
      -0.35936102271080017,
      0.09052827232326811,
      -0.9454072399801028,
      -0.49062735302532917
    ],
    [
      0.21546709537506104,
      0.9789153337478638,
      -0.36624953150749207,
      0.09363646188052172,
      -0.9660028758934485,
      -0.465948140424394
    ],
    [
      0.20631331205368042,
      0.9818243384361267,
      -0.3736627697944641,
      0.11975133595152325,
      -0.9706337932766894,
      -0.467176140377073
    ],
    [
      0.19762857258319855,
      0.9838255643844604,
      -0.38174858689308167,
      0.16784552682258927,
      -0.9636587957512077,
      -0.4890066372651444
    ],
    [
      0.18892747163772583,
      0.9855378270149231,
      -0.38921278715133667,
      0.21364201090489873,
      -0.9604115827453081,
      -0.5125383183360145
    ],
    [
      0.17981873452663422,
      0.9867678284645081,
      -0.3962611258029938,
      0.2418872356315404,
      -0.9678763945465302,
      -0.5274227048674555
    ],
    [
      0.17110088467597961,
      0.9854428172111511,
      -0.4030095934867859,
      0.26976142350818416,
      -0.9802013325127056,
      -0.5470677250247203
    ],
    [
      0.1633143126964569,
      0.9823884963989258,
      -0.40983766317367554,
      0.3071699964733045,
      -0.987508235949382,
      -0.5781715297397246
    ],
    [
      0.15682218968868256,
      0.9786736965179443,
      -0.4157249331474304,
      0.344625624077897,
      -0.9895137936470951,
      -0.609484194605004
    ],
    [
      0.1535094827413559,
      0.9739243388175964,
      -0.41976284980773926,
      0.37453467971969323,
      -0.9955381017670648,
      -0.6370233986510746
    ],
    [
      0.15236876904964447,
      0.9693956971168518,
      -0.42323747277259827,
      0.3983395246789649,
      -0.9892157817108919,
      -0.6669895523879528
    ],
    [
      0.15378516912460327,
      0.9668186902999878,
      -0.4245063364505768,
      0.42006946045785787,
      -0.9744188941675657,
      -0.7010197883370309
    ],
    [
      0.1576683074235916,
      0.9663687348365784,
      -0.42376643419265747,
      0.42483018732854433,
      -0.9618248682155919,
      -0.7341559998704968
    ],
    [
      0.1622580587863922,
      0.9679126739501953,
      -0.42074087262153625,
      0.40172070688848477,
      -0.9452107609767836,
      -0.7539927211690295
    ],
    [
      0.1683628410100937,
      0.9700078964233398,
      -0.41545215249061584,
      0.36678706046149284,
      -0.9235298196161885,
      -0.7541516113792001
    ],
    [
      0.17747323215007782,
      0.9717015624046326,
      -0.40734681487083435,
      0.33629067167024107,
      -0.8992664387048099,
      -0.7373605778980605
    ],
    [
      0.1876976042985916,
      0.9729427695274353,
      -0.39738744497299194,
      0.31207154652430463,
      -0.8700396859793132,
      -0.7137427482215041
    ],
    [
      0.1987171173095703,
      0.9739266037940979,
      -0.3854510486125946,
      0.2955080582629219,
      -0.8432865259529398,
      -0.6904724254109273
    ],
    [
      0.2102840095758438,
      0.9748430848121643,
      -0.37314480543136597,
      0.28419222778028436,
      -0.827252619027956,
      -0.6676836652198908
    ],
    [
      0.22125019133090973,
      0.9756118059158325,
      -0.36142390966415405,
      0.2785705208521884,
      -0.8129262709642019,
      -0.6503654743024023
    ],
    [
      0.23300033807754517,
      0.9760450124740601,
      -0.3500189185142517,
      0.28087244066672146,
      -0.8076396208461474,
      -0.6423831690408852
    ],
    [
      0.24487005174160004,
      0.9764432907104492,
      -0.339149534702301,
      0.2907876532818532,
      -0.8053725717883721,
      -0.6433846770093855
    ],
    [
      0.2557211220264435,
      0.9774841070175171,
      -0.3281843066215515,
      0.31373073449506184,
      -0.811205015476355,
      -0.652803605753832
    ],
    [
      0.265738308429718,
      0.977587878704071,
      -0.3183434307575226,
      0.35187780370817634,
      -0.8423339159456131,
      -0.674003964101781
    ],
    [
      0.27519717812538147,
      0.9745649695396423,
      -0.311641126871109,
      0.3957947174704553,
      -0.8852245138487598,
      -0.7026023220279156
    ],
    [
      0.2842639684677124,
      0.968388557434082,
      -0.30820226669311523,
      0.4426109273686434,
      -0.9268216297910935,
      -0.7353858194057542
    ],
    [
      0.29140421748161316,
      0.9605333209037781,
      -0.30719923973083496,
      0.48649849880325485,
      -0.9597860572075401,
      -0.7615407072658276
    ],
    [
      0.29627928137779236,
      0.9526679515838623,
      -0.30807051062583923,
      0.5274808341656606,
      -0.9974413814576314,
      -0.7809436007781921
    ]
  ],
  "left_hand_xyzrpy": [
    [
      -0.07504279166460037,
      0.9212952852249146,
      -0.4429008364677429,
      -2.7563807505094973,
      1.3309789398253833,
      1.4813063157302984
    ],
    [
      -0.07504279166460037,
      0.9212952852249146,
      -0.4429008364677429,
      -2.7563807505094973,
      1.3309789398253833,
      1.4813063157302984
    ],
    [
      -0.07502854615449905,
      0.9213616847991943,
      -0.44288748502731323,
      -2.777054929578674,
      1.304842780260284,
      1.4441946219032624
    ],
    [
      -0.07500245422124863,
      0.9214078783988953,
      -0.4428538978099823,
      -2.794517138731916,
      1.261069789463044,
      1.3998294229669594
    ],
    [
      -0.07506688684225082,
      0.9214216470718384,
      -0.4427742660045624,
      -2.8026996280727814,
      1.1965026748512113,
      1.3591032495865112
    ],
    [
      -0.07513367384672165,
      0.9214143753051758,
      -0.4427289664745331,
      -2.7879671691087653,
      1.1254631372211272,
      1.3246977018663906
    ],
    [
      -0.0753895565867424,
      0.9213282465934753,
      -0.4422163963317871,
      -2.7419635090453776,
      1.0571312587353237,
      1.2880639540346828
    ],
    [
      -0.07536070048809052,
      0.9213142395019531,
      -0.4421404302120209,
      -2.675937208257388,
      0.9873220150703569,
      1.2497461806629724
    ],
    [
      -0.07533050328493118,
      0.921297013759613,
      -0.44205859303474426,
      -2.6161881989979263,
      0.9265051969456753,
      1.212496832040283
    ],
    [
      -0.07541941106319427,
      0.9211387038230896,
      -0.4414278268814087,
      -2.582149720807992,
      0.8807897737132315,
      1.1752002585584391
    ],
    [
      -0.07506372779607773,
      0.9209969639778137,
      -0.44079306721687317,
      -2.570490240687994,
      0.8451553797284672,
      1.1351427353448733
    ],
    [
      -0.07385384291410446,
      0.9207350015640259,
      -0.4406309723854065,
      -2.5723522092184115,
      0.8125063248872214,
      1.0859201970472399
    ],
    [
      -0.07241198420524597,
      0.9203140139579773,
      -0.44000405073165894,
      -2.5770700358149146,
      0.778900609415612,
      1.0321120766926388
    ],
    [
      -0.07086797803640366,
      0.9199869632720947,
      -0.43972158432006836,
      -2.583624355976313,
      0.7545339993185396,
      0.9883345209869486
    ],
    [
      -0.0702052190899849,
      0.9197901487350464,
      -0.439005047082901,
      -2.5918137107741543,
      0.7451268645141503,
      0.965693420090066
    ],
    [
      -0.06974765658378601,
      0.9197753071784973,
      -0.4387015998363495,
      -2.6007728883887,
      0.7429893718388582,
      0.957090330211781
    ],
    [
      -0.0696399062871933,
      0.919773280620575,
      -0.43853750824928284,
      -2.606118065406107,
      0.7434554151833659,
      0.9545767558042679
    ],
    [
      -0.069525346159935,
      0.9198283553123474,
      -0.4382666051387787,
      -2.616321280992472,
      0.7465990820750249,
      0.9540266532540614
    ],
    [
      -0.06888338178396225,
      0.9200275540351868,
      -0.43809226155281067,
      -2.6296763069247486,
      0.7496187688587174,
      0.9539154915982602
    ],
    [
      -0.06812717020511627,
      0.9205855131149292,
      -0.43763282895088196,
      -2.6369057965860727,
      0.7509215885966286,
      0.9553048722799404
    ],
    [
      -0.06686576455831528,
      0.9214063882827759,
      -0.4370831847190857,
      -2.64096994270071,
      0.7499410468745779,
      0.9571416228669659
    ],
    [
      -0.0660698264837265,
      0.921956479549408,
      -0.43662768602371216,
      -2.6417847313674665,
      0.7498751499724073,
      0.9613526118608623
    ],
    [
      -0.06594651192426682,
      0.9220713973045349,
      -0.43630900979042053,
      -2.640096287503334,
      0.7519022940337582,
      0.9654868353096248
    ],
    [
      -0.0659894272685051,
      0.9220876097679138,
      -0.43598005175590515,
      -2.638633325359756,
      0.7542749445425198,
      0.9653496632707576
    ],
    [
      -0.06597850471735,
      0.9220952987670898,
      -0.4356430172920227,
      -2.637791616390373,
      0.7557060557819548,
      0.964366820868284
    ],
    [
      -0.06565970182418823,
      0.9220824241638184,
      -0.4358115792274475,
      -2.6367753023993434,
      0.7554080692757117,
      0.9674210080613586
    ],
    [
      -0.06512342393398285,
      0.9221708178520203,
      -0.4362363815307617,
      -2.637008373175335,
      0.752201586969523,
      0.9689299056366193
    ],
    [
      -0.06483697891235352,
      0.9222269058227539,
      -0.43630900979042053,
      -2.6380127806081726,
      0.7480811954893349,
      0.9688934066622201
    ],
    [
      -0.0651397705078125,
      0.922158420085907,
      -0.4362366199493408,
      -2.6363506760833912,
      0.7484758155481637,
      0.9693092305029779
    ],
    [
      -0.06499671190977097,
      0.9221044182777405,
      -0.4361001253128052,
      -2.6359276229125363,
      0.7491407016985823,
      0.9691757656152181
    ],
    [
      -0.06472739577293396,
      0.9220070838928223,
      -0.4364199936389923,
      -2.630820511013278,
      0.7529598662342218,
      0.9909518715341236
    ],
    [
      -0.06466925144195557,
      0.9219738841056824,
      -0.43654701113700867,
      -2.620397813991385,
      0.7702142882999446,
      1.0571208360520103
    ],
    [
      -0.06424284726381302,
      0.9220147728919983,
      -0.43686389923095703,
      -2.6091285401773066,
      0.7884715861217111,
      1.1488282851473135
    ],
    [
      -0.06370091438293457,
      0.9218228459358215,
      -0.43668311834335327,
      -2.592356072796303,
      0.8093496810347236,
      1.2383123719401636
    ],
    [
      -0.06289765238761902,
      0.9216435551643372,
      -0.4363791048526764,
      -2.5693925539366527,
      0.8342063596602276,
      1.3123980525483434
    ],
    [
      -0.06283983588218689,
      0.9215678572654724,
      -0.4363173246383667,
      -2.546997975909624,
      0.8657886455893263,
      1.3717783696866086
    ],
    [
      -0.06291865557432175,
      0.9215019941329956,
      -0.43630120158195496,
      -2.5251485768628004,
      0.9067341579427584,
      1.4224517063720283
    ]
  ],
  "instrinsic": [
    [
      736.6339111328125,
      0.0,
      960.0
    ],
    [
      0.0,
      736.6339111328125,
      540.0
    ],
    [
      0.0,
      0.0,
      1.0
    ]
  ],
  "extrinsics": [
    [
      [
        0.9964702129364014,
        0.05581991747021675,
        -0.06269896030426025,
        -0.016108786687254906
      ],
      [
        0.03824900835752487,
        -0.9667611718177795,
        -0.2528039216995239,
        1.1827094554901123
      ],
      [
        -0.07472644746303558,
        0.2495134323835373,
        -0.9654837846755981,
        -0.16506467759609222
      ],
      [
        0.0,
        0.0,
        0.0,
        1.0
      ]
    ],
    [
      [
        0.9964702129364014,
        0.05581991747021675,
        -0.06269896030426025,
        -0.016108786687254906
      ],
      [
        0.03824900835752487,
        -0.9667611718177795,
        -0.2528039216995239,
        1.1827094554901123
      ],
      [
        -0.07472644746303558,
        0.2495134323835373,
        -0.9654837846755981,
        -0.16506467759609222
      ],
      [
        0.0,
        0.0,
        0.0,
        1.0
      ]
    ],
    [
      [
        0.9963507056236267,
        0.056214794516563416,
        -0.0642274022102356,
        -0.016895411536097527
      ],
      [
        0.038131233304739,
        -0.9663755893707275,
        -0.25429195165634155,
        1.1825077533721924
      ],
      [
        -0.07636275142431259,
        0.25091496109962463,
        -0.9649924635887146,
        -0.1645759791135788
      ],
      [
        0.0,
        0.0,
        0.0,
        1.0
      ]
    ],
    [
      [
        0.9963105320930481,
        0.05625785142183304,
        -0.0648089274764061,
        -0.017608530819416046
      ],
      [
        0.03795648738741875,
        -0.9661514759063721,
        -0.2551679313182831,
        1.1824475526809692
      ],
      [
        -0.07697047293186188,
        0.2517666220664978,
        -0.964722216129303,
        -0.1640380322933197
      ],
      [
        0.0,
        0.0,
        0.0,
        0.9999999403953552
      ]
    ],
    [
      [
        0.9962446093559265,
        0.05699821189045906,
        -0.06517361104488373,
        -0.0182195957750082
      ],
      [
        0.038599468767642975,
        -0.9661828875541687,
        -0.2549523413181305,
        1.18258535861969
      ],
      [
        -0.07750149071216583,
        0.25147920846939087,
        -0.9647547602653503,
        -0.16357289254665375
      ],
      [
        0.0,
        0.0,
        0.0,
        1.0
      ]
    ],
    [
      [
        0.9961391091346741,
        0.058238040655851364,
        -0.06569035351276398,
        -0.018701381981372833
      ],
      [
        0.03968857601284981,
        -0.9661948680877686,
        -0.2547397315502167,
        1.1827312707901
      ],
      [
        -0.0783051922917366,
        0.25114911794662476,
        -0.9647757411003113,
        -0.16314809024333954
      ],
      [
        0.0,
        0.0,
        0.0,
        1.0
      ]
    ],
    [
      [
        0.9961004853248596,
        0.058191489428281784,
        -0.06631486117839813,
        -0.01906297542154789
      ],
      [
        0.03944781795144081,
        -0.9660822749137878,
        -0.25520381331443787,
        1.1827348470687866
      ],
      [
        -0.0789162740111351,
        0.2515926957130432,
        -0.9646103978157043,
        -0.16276435554027557
      ],
      [
        0.0,
        0.0,
        0.0,
        1.0
      ]
    ],
    [
      [
        0.9961703419685364,
        0.05658171698451042,
        -0.06665661931037903,
        -0.019325874745845795
      ],
      [
        0.037673674523830414,
        -0.9657436609268188,
        -0.25674909353256226,
        1.1825556755065918
      ],
      [
        -0.07890051603317261,
        0.2532546818256378,
        -0.9641766548156738,
        -0.16247549653053284
      ],
      [
        0.0,
        0.0,
        0.0,
        1.0
      ]
    ],
    [
      [
        0.9963142275810242,
        0.05509587377309799,
        -0.06574518233537674,
        -0.019350256770849228
      ],
      [
        0.036245621740818024,
        -0.965069055557251,
        -0.259475976228714,
        1.1821811199188232
      ],
      [
        -0.07774466276168823,
        0.25613662600517273,
        -0.9635090231895447,
        -0.16228435933589935
      ],
      [
        0.0,
        0.0,
        0.0,
        1.0
      ]
    ],
    [
      [
        0.9965419173240662,
        0.05403241887688637,
        -0.06312313675880432,
        -0.019114675000309944
      ],
      [
        0.03566008806228638,
        -0.9642890095710754,
        -0.26244059205055237,
        1.1817349195480347
      ],
      [
        -0.07504922151565552,
        0.25928202271461487,
        -0.962881326675415,
        -0.16220548748970032
      ],
      [
        0.0,
        0.0,
        0.0,
        1.0
      ]
    ],
    [
      [
        0.9968440532684326,
        0.052839022129774094,
        -0.05924496799707413,
        -0.018725764006376266
      ],
      [
        0.03532636538147926,
        -0.9635975956916809,
        -0.2650126516819,
        1.1813217401504517
      ],
      [
        -0.07109127193689346,
        0.26208341121673584,
        -0.9624231457710266,
        -0.16222022473812103
      ],
      [
        0.0,
        0.0,
        0.0,
        1.0
      ]
    ],
    [
      [
        0.9970772862434387,
        0.05238824337720871,
        -0.05560852587223053,
        -0.018328137695789337
      ],
      [
        0.03569970652461052,
        -0.9630001187324524,
        -0.2671261727809906,
        1.1809700727462769
      ],
      [
        -0.06754526495933533,
        0.26436030864715576,
        -0.9620556831359863,
        -0.16225044429302216
      ],
      [
        0.0,
        0.0,
        0.0,
        1.0
      ]
    ],
    [
      [
        0.9971798658370972,
        0.052799176424741745,
        -0.05333465710282326,
        -0.018014971166849136
      ],
      [
        0.03658421337604523,
        -0.9624933004379272,
        -0.26882776618003845,
        1.1806597709655762
      ],
      [
        -0.06552807986736298,
        0.26611846685409546,
        -0.9617104530334473,
        -0.1622115522623062
      ],
      [
        0.0,
        0.0,
        0.0,
        1.0000001192092896
      ]
    ],
    [
      [
        0.9971917271614075,
        0.05328936129808426,
        -0.052619341760873795,
        -0.017818786203861237
      ],
      [
        0.037176817655563354,
        -0.9621742367744446,
        -0.26988640427589417,
        1.1804444789886475
      ],
      [
        -0.06501106172800064,
        0.26717227697372437,
        -0.9614532589912415,
        -0.16216112673282623
      ],
      [
        0.0,
        0.0,
        0.0,
        1.0
      ]
    ],
    [
      [
        0.9971311688423157,
        0.05393489450216293,
        -0.053109146654605865,
        -0.017701489850878716
      ],
      [
        0.037619698792696,
        -0.9619570970535278,
        -0.27059870958328247,
        1.180269479751587
      ],
      [
        -0.06568337231874466,
        0.2678245007991791,
        -0.961226224899292,
        -0.16214722394943237
      ],
      [
        0.0,
        0.0,
        0.0,
        1.0
      ]
    ],
    [
      [
        0.9970488548278809,
        0.05389367416501045,
        -0.05467260628938675,
        -0.017703069373965263
      ],
      [
        0.03712042421102524,
        -0.9618182182312012,
        -0.2711602449417114,
        1.180176019668579
      ],
      [
        -0.06719893962144852,
        0.26833054423332214,
        -0.9609801769256592,
        -0.16219572722911835
      ],
      [
        0.0,
        0.0,
        0.0,
        1.0
      ]
    ],
    [
      [
        0.9969781637191772,
        0.05312405526638031,
        -0.05667686089873314,
        -0.01776554435491562
      ],
      [
        0.03575693070888519,
        -0.9615504741668701,
        -0.2722907066345215,
        1.1800771951675415
      ],
      [
        -0.06896291673183441,
        0.2694413363933563,
        -0.9605444669723511,
        -0.16227515041828156
      ],
      [
        0.0,
        0.0,
        0.0,
        1.0
      ]
    ],
    [
      [
        0.9969368577003479,
        0.05174648016691208,
        -0.05864563584327698,
        -0.017848266288638115
      ],
      [
        0.033770304173231125,
        -0.9611380696296692,
        -0.2739951014518738,
        1.179870367050171
      ],
      [
        -0.07054483145475388,
        0.27117541432380676,
        -0.9599413275718689,
        -0.16236890852451324
      ],
      [
        0.0,
        0.0,
        0.0,
        1.0
      ]
    ],
    [
      [
        0.9969137907028198,
        0.050302088260650635,
        -0.060272227972745895,
        -0.017905766144394875
      ],
      [
        0.03177448734641075,
        -0.9605929851531982,
        -0.276137113571167,
        1.1795600652694702
      ],
      [
        -0.07178731262683868,
        0.27336981892585754,
        -0.9592265486717224,
        -0.16249719262123108
      ],
      [
        0.0,
        0.0,
        0.0,
        1.0
      ]
    ],
    [
      [
        0.9969474077224731,
        0.048576075583696365,
        -0.061126574873924255,
        -0.01795893907546997
      ],
      [
        0.029657164588570595,
        -0.95981764793396,
        -0.2790532112121582,
        1.1791242361068726
      ],
      [
        -0.07222562283277512,
        0.276388555765152,
        -0.9583280682563782,
        -0.1626279056072235
      ],
      [
        0.0,
        0.0,
        0.0,
        1.0
      ]
    ],
    [
      [
        0.9970969557762146,
        0.04546203464269638,
        -0.06107944995164871,
        -0.018114101141691208
      ],
      [
        0.026403719559311867,
        -0.9588574767112732,
        -0.2826573848724365,
        1.1785986423492432
      ],
      [
        -0.0714167132973671,
        0.28022414445877075,
        -0.957274317741394,
        -0.1627417355775833
      ],
      [
        0.0,
        0.0,
        0.0,
        1.0
      ]
    ],
    [
      [
        0.9972313642501831,
        0.04303019493818283,
        -0.06064702197909355,
        -0.018397225067019463
      ],
      [
        0.023959634825587273,
        -0.958004891872406,
        -0.2857491075992584,
        1.1782315969467163
      ],
      [
        -0.07039600610733032,
        0.2835049033164978,
        -0.9563834071159363,
        -0.16295477747917175
      ],
      [
        0.0,
        0.0,
        0.0,
        1.0
      ]
    ],
    [
      [
        0.9973357319831848,
        0.041104502975940704,
        -0.060265135020017624,
        -0.01883711852133274
      ],
      [
        0.022075915709137917,
        -0.9574629068374634,
        -0.2877108156681061,
        1.1780765056610107
      ],
      [
        -0.06952787190675735,
        0.28561386466026306,
        -0.955819308757782,
        -0.16325902938842773
      ],
      [
        0.0,
        0.0,
        0.0,
        1.0
      ]
    ],
    [
      [
        0.9975355863571167,
        0.03866095468401909,
        -0.0585501529276371,
        -0.019223107025027275
      ],
      [
        0.020099075511097908,
        -0.9569778442382812,
        -0.28946393728256226,
        1.177923560142517
      ],
      [
        -0.06722215563058853,
        0.2875737249851227,
        -0.9553964734077454,
        -0.16352835297584534
      ],
      [
        0.0,
        0.0,
        0.0,
        1.0
      ]
    ],
    [
      [
        0.9979070425033569,
        0.03567274659872055,
        -0.05393552780151367,
        -0.019319215789437294
      ],
      [
        0.018495716154575348,
        -0.9566836357116699,
        -0.2905414402484894,
        1.177788257598877
      ],
      [
        -0.06196363642811775,
        0.2889358103275299,
        -0.9553409814834595,
        -0.16380426287651062
      ],
      [
        0.0,
        0.0,
        0.0,
        0.9999998807907104
      ]
    ],
    [
      [
        0.9983454346656799,
        0.03302899748086929,
        -0.04707080125808716,
        -0.019125472754240036
      ],
      [
        0.01795887015759945,
        -0.9567286372184753,
        -0.2904270887374878,
        1.1777150630950928
      ],
      [
        -0.054626453667879105,
        0.2891012132167816,
        -0.9557387232780457,
        -0.16410352289676666
      ],
      [
        0.0,
        0.0,
        0.0,
        1.0
      ]
    ],
    [
      [
        0.9987210035324097,
        0.03216120973229408,
        -0.03901179879903793,
        -0.018764087930321693
      ],
      [
        0.019443480297923088,
        -0.9565755128860474,
        -0.29083552956581116,
        1.1775144338607788
      ],
      [
        -0.04667138308286667,
        0.2897050976753235,
        -0.9559773802757263,
        -0.16438038647174835
      ],
      [
        0.0,
        0.0,
        0.0,
        1.0
      ]
    ],
    [
      [
        0.9989690780639648,
        0.03281945362687111,
        -0.031360525637865067,
        -0.018423588946461678
      ],
      [
        0.022215722128748894,
        -0.9559345841407776,
        -0.2927379310131073,
        1.1770951747894287
      ],
      [
        -0.039586141705513,
        0.29173949360847473,
        -0.9556782245635986,
        -0.16456161439418793
      ],
      [
        0.0,
        0.0,
        0.0,
        1.0
      ]
    ],
    [
      [
        0.9991163015365601,
        0.033769283443689346,
        -0.025026632472872734,
        -0.018207255750894547
      ],
      [
        0.02488022856414318,
        -0.955047607421875,
        -0.2954067587852478,
        1.1765742301940918
      ],
      [
        -0.03387722745537758,
        0.2945230305194855,
        -0.9550436735153198,
        -0.16460762917995453
      ],
      [
        0.0,
        0.0,
        0.0,
        1.0
      ]
    ],
    [
      [
        0.9991716146469116,
        0.03506673499941826,
        -0.020647795870900154,
        -0.018090922385454178
      ],
      [
        0.027370642870664597,
        -0.9545807838439941,
        -0.2966925799846649,
        1.1762542724609375
      ],
      [
        -0.03011399880051613,
        0.2958817183971405,
        -0.9547497034072876,
        -0.16460882127285004
      ],
      [
        0.0,
        0.0,
        0.0,
        1.0
      ]
    ],
    [
      [
        0.9991983771324158,
        0.036178108304739,
        -0.017132194712758064,
        -0.017866654321551323
      ],
      [
        0.02947777323424816,
        -0.9545671939849854,
        -0.2965341806411743,
        1.176184058189392
      ],
      [
        -0.0270819291472435,
        0.29579150676727295,
        -0.954868495464325,
        -0.1645229607820511
      ],
      [
        0.0,
        0.0,
        0.0,
        0.9999999403953552
      ]
    ],
    [
      [
        0.9992278218269348,
        0.03689054027199745,
        -0.013522351160645485,
        -0.017364872619509697
      ],
      [
        0.031239138916134834,
        -0.9546653628349304,
        -0.2960377037525177,
        1.1762572526931763
      ],
      [
        -0.02383027784526348,
        0.2953866422176361,
        -0.9550805687904358,
        -0.16430838406085968
      ],
      [
        0.0,
        0.0,
        0.0,
        1.0
      ]
    ],
    [
      [
        0.9992673993110657,
        0.03710624575614929,
        -0.009370287880301476,
        -0.016551777720451355
      ],
      [
        0.0326685756444931,
        -0.9545630216598511,
        -0.2962130904197693,
        1.176331639289856
      ],
      [
        -0.019935814663767815,
        0.29568997025489807,
        -0.9550758600234985,
        -0.16390551626682281
      ],
      [
        0.0,
        0.0,
        0.0,
        1.0
      ]
    ],
    [
      [
        0.9992764592170715,
        0.03768766298890114,
        -0.0051323361694812775,
        -0.015498567372560501
      ],
      [
        0.03447635844349861,
        -0.9544777274131775,
        -0.29628297686576843,
        1.1763994693756104
      ],
      [
        -0.016064869239926338,
        0.2958916425704956,
        -0.9550864100456238,
        -0.16337083280086517
      ],
      [
        0.0,
        0.0,
        0.0,
        1.0
      ]
    ],
    [
      [
        0.9992468357086182,
        0.03874450922012329,
        -0.0021311049349606037,
        -0.014402744360268116
      ],
      [
        0.03638142719864845,
        -0.9545695781707764,
        -0.29575875401496887,
        1.1764345169067383
      ],
      [
        -0.013493313454091549,
        0.29545849561691284,
        -0.9552602171897888,
        -0.16276505589485168
      ],
      [
        0.0,
        0.0,
        0.0,
        0.9999999403953552
      ]
    ],
    [
      [
        0.9992159008979797,
        0.03955592215061188,
        -0.001679197303019464,
        -0.013425295241177082
      ],
      [
        0.037301041185855865,
        -0.9547778367996216,
        -0.2949713468551636,
        1.176481008529663
      ],
      [
        -0.013271083123981953,
        0.2946774661540985,
        -0.9555045962333679,
        -0.16214419901371002
      ],
      [
        0.0,
        0.0,
        0.0,
        1.0
      ]
    ],
    [
      [
        0.9991816282272339,
        0.04019101336598396,
        -0.004550406709313393,
        -0.012665634043514729
      ],
      [
        0.037075236439704895,
        -0.9550283551216125,
        -0.2941875755786896,
        1.176553726196289
      ],
      [
        -0.016169415786862373,
        0.29377809166908264,
        -0.9557369351387024,
        -0.16146154701709747
      ],
      [
        0.0,
        0.0,
        0.0,
        1.0
      ]
    ]
  ]
}