{
  "task": "assemble disassemble furniture bench lamp",
  "instruction": "assemble disassemble furniture bench lamp",
  "right_hand_xyzrpy": [
    [
      -0.2042524665594101,
      0.8878471255302429,
      -0.2721235454082489,
      -0.6451547032404856,
      -0.3329868365175744,
      -1.027846016829312
    ],
    [
      -0.2042524665594101,
      0.8878471255302429,
      -0.2721235454082489,
      -0.6451547032404856,
      -0.3329868365175744,
      -1.027846016829312
    ],
    [
      -0.20413556694984436,
      0.8878718614578247,
      -0.27222639322280884,
      -0.6446813966418868,
      -0.3329581402609069,
      -1.0315219751026319
    ],
    [
      -0.2040126919746399,
      0.8879299759864807,
      -0.27225714921951294,
      -0.6447526321813055,
      -0.3329431615587366,
      -1.033143612007062
    ],
    [
      -0.2038843184709549,
      0.8879534006118774,
      -0.27231359481811523,
      -0.6448447127880479,
      -0.3330543526800022,
      -1.033242495128155
    ],
    [
      -0.20375800132751465,
      0.888018012046814,
      -0.2723820209503174,
      -0.6449115974930892,
      -0.33327192249680265,
      -1.0334680355184331
    ],
    [
      -0.20365209877490997,
      0.8880627155303955,
      -0.27241119742393494,
      -0.6450751198859755,
      -0.33342128850565256,
      -1.033502558014684
    ],
    [
      -0.20352298021316528,
      0.888098955154419,
      -0.2724474370479584,
      -0.6511128900718082,
      -0.3334131513914967,
      -1.0240346807771694
    ],
    [
      -0.2033834606409073,
      0.8881391882896423,
      -0.2724831700325012,
      -0.6618288792216626,
      -0.3295585704186469,
      -0.9937139272388431
    ],
    [
      -0.20327728986740112,
      0.8881572484970093,
      -0.27253881096839905,
      -0.6666038166633038,
      -0.31982179240085085,
      -0.9461929323279546
    ],
    [
      -0.20315632224082947,
      0.8881920576095581,
      -0.2725316286087036,
      -0.6590905579832194,
      -0.3065501318386467,
      -0.8927944320990262
    ],
    [
      -0.2030816525220871,
      0.8882140517234802,
      -0.2725193500518799,
      -0.642194154301003,
      -0.2937501329814827,
      -0.8404990081452562
    ],
    [
      -0.20299862325191498,
      0.8882065415382385,
      -0.2725526690483093,
      -0.621600150263583,
      -0.28301685456441195,
      -0.7914367842555646
    ],
    [
      -0.20291587710380554,
      0.888208270072937,
      -0.27247947454452515,
      -0.5997778038215598,
      -0.27535590133727333,
      -0.7485159743076736
    ],
    [
      -0.20286855101585388,
      0.8881857991218567,
      -0.2724074721336365,
      -0.5793881025735639,
      -0.271059909301953,
      -0.7139510204492956
    ],
    [
      -0.20285767316818237,
      0.8881140947341919,
      -0.2723437547683716,
      -0.5625472000694041,
      -0.26903738768186825,
      -0.6875549538590868
    ],
    [
      -0.2028307169675827,
      0.8880306482315063,
      -0.2722169756889343,
      -0.5495999487566341,
      -0.26869159568503026,
      -0.6687593279943018
    ],
    [
      -0.20282691717147827,
      0.8879514336585999,
      -0.2721092700958252,
      -0.5401962495097344,
      -0.26969883071096945,
      -0.6570610747375382
    ],
    [
      -0.20284216105937958,
      0.8878782987594604,
      -0.2719542682170868,
      -0.534417768436351,
      -0.27116186166940465,
      -0.6515260089527128
    ],
    [
      -0.2028401643037796,
      0.8878155946731567,
      -0.27179789543151855,
      -0.5313467712906179,
      -0.27220020219627167,
      -0.6495824821867159
    ],
    [
      -0.2028360813856125,
      0.88776695728302,
      -0.2716830372810364,
      -0.5297524603459285,
      -0.2726305010665155,
      -0.6491158202975063
    ],
    [
      -0.20285780727863312,
      0.8876586556434631,
      -0.27158644795417786,
      -0.5242083568942496,
      -0.2778492577755603,
      -0.6526521413132454
    ],
    [
      -0.20281179249286652,
      0.887515127658844,
      -0.27138620615005493,
      -0.5081269036023335,
      -0.2919128687844149,
      -0.6674257928552723
    ],
    [
      -0.2028520554304123,
      0.8871957063674927,
      -0.27070653438568115,
      -0.4811161690290447,
      -0.30924789952297455,
      -0.6976387270994011
    ],
    [
      -0.202875018119812,
      0.8867734670639038,
      -0.26899412274360657,
      -0.4479714261519482,
      -0.3190849015198031,
      -0.7441010882216198
    ],
    [
      -0.20285065472126007,
      0.8869277834892273,
      -0.26565420627593994,
      -0.41270044485495366,
      -0.3157023962081198,
      -0.805511540628396
    ],
    [
      -0.20293207466602325,
      0.8882643580436707,
      -0.2609953284263611,
      -0.3788913596417785,
      -0.2985857842908906,
      -0.8780739350341388
    ],
    [
      -0.20330145955085754,
      0.8912371397018433,
      -0.2547604739665985,
      -0.34850628946965945,
      -0.2710983576254745,
      -0.9532668398401822
    ],
    [
      -0.20407046377658844,
      0.8957191109657288,
      -0.2469376027584076,
      -0.3254998715528628,
      -0.2372313071345088,
      -1.0216516977914873
    ],
    [
      -0.2052699774503708,
      0.9006696939468384,
      -0.23865236341953278,
      -0.3126245885259802,
      -0.20166852032144694,
      -1.0751864352209688
    ],
    [
      -0.20694848895072937,
      0.9049896597862244,
      -0.2305653989315033,
      -0.309680896804631,
      -0.16813852568468868,
      -1.1094517292630939
    ],
    [
      -0.2092006802558899,
      0.9077892899513245,
      -0.2226564884185791,
      -0.3190625956138994,
      -0.1395271815859121,
      -1.1217528367223049
    ],
    [
      -0.21218594908714294,
      0.9083561897277832,
      -0.2150198370218277,
      -0.3469308863232668,
      -0.1165945470525745,
      -1.1092408662400377
    ],
    [
      -0.21597746014595032,
      0.9061853885650635,
      -0.2079576849937439,
      -0.3923722794977184,
      -0.10102156133760011,
      -1.0729977387093623
    ],
    [
      -0.22010965645313263,
      0.9015650749206543,
      -0.20125634968280792,
      -0.4462273776442603,
      -0.09215257564468443,
      -1.01735410621249
    ],
    [
      -0.22439877688884735,
      0.8948638439178467,
      -0.1949792355298996,
      -0.49597997229370056,
      -0.08656679896327918,
      -0.9527815493102882
    ]
  ],
  "left_hand_xyzrpy": [
    [
      -0.5210897922515869,
      0.8501812815666199,
      -0.08512328565120697,
      -0.24490531477458788,
      0.9268742491852165,
      -2.625619673922595
    ],
    [
      -0.5210897922515869,
      0.8501812815666199,
      -0.08512328565120697,
      -0.24490531477458788,
      0.9268742491852165,
      -2.625619673922595
    ],
    [
      -0.5210937261581421,
      0.8501743078231812,
      -0.08511321246623993,
      -0.24475124794468758,
      0.9270372934462152,
      -2.6253881518485973
    ],
    [
      -0.5211089849472046,
      0.8501558899879456,
      -0.08509598672389984,
      -0.24464807182281015,
      0.9271877585252347,
      -2.6251515733898088
    ],
    [
      -0.5211523771286011,
      0.8501297235488892,
      -0.08509085327386856,
      -0.24465685859593106,
      0.9273709395912704,
      -2.624889124046676
    ],
    [
      -0.5211995244026184,
      0.8501215577125549,
      -0.0850592851638794,
      -0.24469483275090612,
      0.927565494295616,
      -2.6246610273242346
    ],
    [
      -0.5211946964263916,
      0.8501514196395874,
      -0.08507171273231506,
      -0.24461306271523808,
      0.92774369824433,
      -2.6244008473550267
    ],
    [
      -0.5211963057518005,
      0.8501805663108826,
      -0.08508637547492981,
      -0.24456736746325666,
      0.9279820986272275,
      -2.624257937386299
    ],
    [
      -0.5212217569351196,
      0.8501520752906799,
      -0.08506598323583603,
      -0.24482724721890708,
      0.9281837742075493,
      -2.6242512026946225
    ],
    [
      -0.5212186574935913,
      0.8501478433609009,
      -0.08506706357002258,
      -0.24492857542517396,
      0.9283292967916089,
      -2.624192270741013
    ],
    [
      -0.5212494134902954,
      0.8501225709915161,
      -0.08506598323583603,
      -0.24499507319813368,
      0.9284972349812696,
      -2.624050323172823
    ],
    [
      -0.5212727189064026,
      0.850168764591217,
      -0.0850413590669632,
      -0.24513247815384645,
      0.92870701169041,
      -2.6240995771010915
    ],
    [
      -0.5213097333908081,
      0.850151777267456,
      -0.08499269932508469,
      -0.24468976541931992,
      0.9286428185467447,
      -2.6236077525509134
    ],
    [
      -0.5213353037834167,
      0.8501944541931152,
      -0.0849616602063179,
      -0.2439859310037429,
      0.928657149561531,
      -2.6231863260181223
    ],
    [
      -0.5213537216186523,
      0.8501761555671692,
      -0.08495980501174927,
      -0.2431975378933525,
      0.9288432786577213,
      -2.6226657464079035
    ],
    [
      -0.5213544368743896,
      0.8501614928245544,
      -0.08499015867710114,
      -0.24235149149361004,
      0.9290643049321371,
      -2.6221396873967024
    ],
    [
      -0.5213299989700317,
      0.850155770778656,
      -0.08497171849012375,
      -0.24181745068766664,
      0.9294850328717106,
      -2.6219028367333257
    ],
    [
      -0.5213197469711304,
      0.8501946926116943,
      -0.08499792218208313,
      -0.2409263517365986,
      0.9298568532621507,
      -2.621492192390444
    ],
    [
      -0.5213074684143066,
      0.8502274751663208,
      -0.08495128154754639,
      -0.24044505895230264,
      0.9303008687634237,
      -2.62138479217401
    ],
    [
      -0.5213167667388916,
      0.8502190709114075,
      -0.0849413052201271,
      -0.24018149030097735,
      0.9308496476508983,
      -2.6213440626181557
    ],
    [
      -0.521350085735321,
      0.8502631187438965,
      -0.08498623222112656,
      -0.2403135051842511,
      0.9313738596751753,
      -2.6216602637790234
    ],
    [
      -0.521380603313446,
      0.8502476811408997,
      -0.08500593155622482,
      -0.24073069691726248,
      0.9314423840095638,
      -2.6217896210695426
    ],
    [
      -0.5213531851768494,
      0.8502569198608398,
      -0.08497975766658783,
      -0.2409752535876642,
      0.9314648605674847,
      -2.621982753891993
    ],
    [
      -0.5213671922683716,
      0.8501830101013184,
      -0.08500014245510101,
      -0.24125147635452587,
      0.9314136150068334,
      -2.6217664706599275
    ],
    [
      -0.5213457942008972,
      0.8502072095870972,
      -0.08500169217586517,
      -0.2416159879777023,
      0.9313146301707884,
      -2.6217133048639787
    ],
    [
      -0.5213396549224854,
      0.8502305746078491,
      -0.08499515801668167,
      -0.24178069092043167,
      0.9312400256865547,
      -2.6216224571798517
    ],
    [
      -0.5213332772254944,
      0.8502702116966248,
      -0.08502903580665588,
      -0.24215641582624772,
      0.9313733602498532,
      -2.621800670942242
    ],
    [
      -0.5213347673416138,
      0.8503227233886719,
      -0.08508918434381485,
      -0.24215988611407285,
      0.9316406007290094,
      -2.621996153459673
    ],
    [
      -0.5212908387184143,
      0.8503157496452332,
      -0.0851234570145607,
      -0.24202366036076994,
      0.9319407239198896,
      -2.6220260510610345
    ],
    [
      -0.5213106274604797,
      0.8503500819206238,
      -0.08513098210096359,
      -0.24244620609683398,
      0.9320623868011063,
      -2.6221217459534407
    ],
    [
      -0.5213484764099121,
      0.8503455519676208,
      -0.08517789095640182,
      -0.24292111288787782,
      0.9322708695504109,
      -2.622186659057294
    ],
    [
      -0.5213660597801208,
      0.8503720164299011,
      -0.0851808488368988,
      -0.2435210509030537,
      0.9323245745908928,
      -2.6223964413442573
    ],
    [
      -0.5214335918426514,
      0.8503530025482178,
      -0.08520270884037018,
      -0.2443031821998702,
      0.9320358931861495,
      -2.6222969549720605
    ],
    [
      -0.5213983654975891,
      0.8503650426864624,
      -0.08522845804691315,
      -0.24453680585575416,
      0.9320339936802586,
      -2.6221857933496358
    ],
    [
      -0.5213392376899719,
      0.8503896594047546,
      -0.08522587269544601,
      -0.24456707834894065,
      0.9322753698236264,
      -2.6222687366662254
    ],
    [
      -0.5214022994041443,
      0.8503072261810303,
      -0.08517734706401825,
      -0.24282676903658437,
      0.9343248311559037,
      -2.6195285444946252
    ]
  ],
  "instrinsic": [
    [
      736.6339111328125,
      0.0,
      960.0
    ],
    [
      0.0,
      736.6339111328125,
      540.0
    ],
    [
      0.0,
      0.0,
      1.0
    ]
  ],
  "extrinsics": [
    [
      [
        0.4665079116821289,
        0.38337230682373047,
        -0.7971171736717224,
        -0.15784360468387604
      ],
      [
        0.18093472719192505,
        -0.9234940409660339,
        -0.3382622301578522,
        1.034926414489746
      ],
      [
        -0.8658133745193481,
        0.013575832359492779,
        -0.5001827478408813,
        -0.005102654919028282
      ],
      [
        0.0,
        0.0,
        0.0,
        1.0
      ]
    ],
    [
      [
        0.4665079116821289,
        0.38337230682373047,
        -0.7971171736717224,
        -0.15784360468387604
      ],
      [
        0.18093472719192505,
        -0.9234940409660339,
        -0.3382622301578522,
        1.034926414489746
      ],
      [
        -0.8658133745193481,
        0.013575832359492779,
        -0.5001827478408813,
        -0.005102654919028282
      ],
      [
        0.0,
        0.0,
        0.0,
        1.0
      ]
    ],
    [
      [
        0.4676746726036072,
        0.38185936212539673,
        -0.7971596717834473,
        -0.1576540172100067
      ],
      [
        0.1803697645664215,
        -0.924117922782898,
        -0.3368569612503052,
        1.03519606590271
      ],
      [
        -0.8653016090393066,
        0.013755900785326958,
        -0.5010623931884766,
        -0.005200318526476622
      ],
      [
        0.0,
        0.0,
        0.0,
        0.9999999403953552
      ]
    ],
    [
      [
        0.46860387921333313,
        0.3807947337627411,
        -0.7971232533454895,
        -0.15744028985500336
      ],
      [
        0.18026888370513916,
        -0.9245594143867493,
        -0.33569788932800293,
        1.0353970527648926
      ],
      [
        -0.8648198246955872,
        0.013612843118607998,
        -0.5018975734710693,
        -0.005315074231475592
      ],
      [
        0.0,
        0.0,
        0.0,
        1.0
      ]
    ],
    [
      [
        0.469037801027298,
        0.37996113300323486,
        -0.7972659468650818,
        -0.15724743902683258
      ],
      [
        0.18011197447776794,
        -0.9249045848846436,
        -0.33482998609542847,
        1.0355448722839355
      ],
      [
        -0.8646173477172852,
        0.013450736179947853,
        -0.5022507309913635,
        -0.005383577663451433
      ],
      [
        0.0,
        0.0,
        0.0,
        1.0000001192092896
      ]
    ],
    [
      [
        0.4688062369823456,
        0.379774808883667,
        -0.7974908351898193,
        -0.1570291966199875
      ],
      [
        0.18010634183883667,
        -0.9249842762947083,
        -0.33461302518844604,
        1.0356019735336304
      ],
      [
        -0.8647439479827881,
        0.013235494494438171,
        -0.502038300037384,
        -0.005398455075919628
      ],
      [
        0.0,
        0.0,
        0.0,
        1.0
      ]
    ],
    [
      [
        0.46848413348197937,
        0.37920403480529785,
        -0.7979515194892883,
        -0.1568235605955124
      ],
      [
        0.17969153821468353,
        -0.9252192378044128,
        -0.33418601751327515,
        1.0357229709625244
      ],
      [
        -0.86500483751297,
        0.013175703585147858,
        -0.5015902519226074,
        -0.0054140640422701836
      ],
      [
        0.0,
        0.0,
        0.0,
        0.9999999403953552
      ]
    ],
    [
      [
        0.46861857175827026,
        0.37832942605018616,
        -0.7982876896858215,
        -0.15660683810710907
      ],
      [
        0.1794203668832779,
        -0.9255800247192383,
        -0.33333146572113037,
        1.0359195470809937
      ],
      [
        -0.8649882674217224,
        0.01297628041356802,
        -0.5016240477561951,
        -0.005528005305677652
      ],
      [
        0.0,
        0.0,
        0.0,
        1.0
      ]
    ],
    [
      [
        0.4695344567298889,
        0.3772076666355133,
        -0.7982803583145142,
        -0.1563785970211029
      ],
      [
        0.17880591750144958,
        -0.9260326027870178,
        -0.33240336179733276,
        1.036109447479248
      ],
      [
        -0.8646188974380493,
        0.013337519019842148,
        -0.5022510886192322,
        -0.005713564343750477
      ],
      [
        0.0,
        0.0,
        0.0,
        0.9999999403953552
      ]
    ],
    [
      [
        0.47053882479667664,
        0.3762745261192322,
        -0.7981294989585876,
        -0.1561860591173172
      ],
      [
        0.17826537787914276,
        -0.9264058470726013,
        -0.3316531181335449,
        1.0362536907196045
      ],
      [
        -0.8641843795776367,
        0.013776813633739948,
        -0.5029866099357605,
        -0.005904254969209433
      ],
      [
        0.0,
        0.0,
        0.0,
        1.0
      ]
    ],
    [
      [
        0.4714798927307129,
        0.37596654891967773,
        -0.7977190613746643,
        -0.15601177513599396
      ],
      [
        0.17765314877033234,
        -0.9265172481536865,
        -0.33167019486427307,
        1.036255121231079
      ],
      [
        -0.8637972474098206,
        0.014658569358289242,
        -0.5036259889602661,
        -0.006010408513247967
      ],
      [
        0.0,
        0.0,
        0.0,
        1.0
      ]
    ],
    [
      [
        0.4721880853176117,
        0.37625831365585327,
        -0.7971624732017517,
        -0.15591003000736237
      ],
      [
        0.17713914811611176,
        -0.9263815879821777,
        -0.33232349157333374,
        1.0361448526382446
      ],
      [
        -0.863516092300415,
        0.01571045257151127,
        -0.504076361656189,
        -0.00597172137349844
      ],
      [
        0.0,
        0.0,
        0.0,
        1.0000001192092896
      ]
    ],
    [
      [
        0.47197508811950684,
        0.3766576647758484,
        -0.7970998883247375,
        -0.1560267060995102
      ],
      [
        0.17737342417240143,
        -0.9262207746505737,
        -0.33264636993408203,
        1.036050796508789
      ],
      [
        -0.8635842800140381,
        0.01561646070331335,
        -0.5039622783660889,
        -0.005773589480668306
      ],
      [
        0.0,
        0.0,
        0.0,
        0.9999999403953552
      ]
    ],
    [
      [
        0.4706357419490814,
        0.3776822090148926,
        -0.7974070310592651,
        -0.15630362927913666
      ],
      [
        0.17841944098472595,
        -0.9258210062980652,
        -0.3331994116306305,
        1.0358922481536865
      ],
      [
        -0.8640996813774109,
        0.014542615972459316,
        -0.5031103491783142,
        -0.005403438117355108
      ],
      [
        0.0,
        0.0,
        0.0,
        1.0
      ]
    ],
    [
      [
        0.4690968096256256,
        0.37959161400794983,
        -0.7974071502685547,
        -0.15658846497535706
      ],
      [
        0.17994362115859985,
        -0.9250567555427551,
        -0.33450016379356384,
        1.0355998277664185
      ],
      [
        -0.8646203279495239,
        0.013424600474536419,
        -0.5022462606430054,
        -0.004935198463499546
      ],
      [
        0.0,
        0.0,
        0.0,
        1.0000001192092896
      ]
    ],
    [
      [
        0.46733471751213074,
        0.3818639814853668,
        -0.7973568439483643,
        -0.15685434639453888
      ],
      [
        0.18232649564743042,
        -0.9241467714309692,
        -0.33572274446487427,
        1.0352826118469238
      ],
      [
        -0.8650751709938049,
        0.01151563785970211,
        -0.5015098452568054,
        -0.004434612579643726
      ],
      [
        0.0,
        0.0,
        0.0,
        1.0
      ]
    ],
    [
      [
        0.4650885760784149,
        0.38394695520401,
        -0.7976698279380798,
        -0.1570996642112732
      ],
      [
        0.18453741073608398,
        -0.9233067631721497,
        -0.33682429790496826,
        1.0349973440170288
      ],
      [
        -0.8658165335655212,
        0.009453187696635723,
        -0.5002719759941101,
        -0.00385465519502759
      ],
      [
        0.0,
        0.0,
        0.0,
        1.0
      ]
    ],
    [
      [
        0.46281957626342773,
        0.3856375217437744,
        -0.7981738448143005,
        -0.15729834139347076
      ],
      [
        0.18630792200565338,
        -0.9226189851760864,
        -0.33773282170295715,
        1.0347718000411987
      ],
      [
        -0.8666529059410095,
        0.0076032355427742004,
        -0.4988534450531006,
        -0.00326867145486176
      ],
      [
        0.0,
        0.0,
        0.0,
        1.0000001192092896
      ]
    ],
    [
      [
        0.4610622525215149,
        0.3871408998966217,
        -0.7984631061553955,
        -0.15741613507270813
      ],
      [
        0.18839459121227264,
        -0.9220039248466492,
        -0.33825457096099854,
        1.0346101522445679
      ],
      [
        -0.8671384453773499,
        0.005530271679162979,
        -0.4980364441871643,
        -0.0027923567686229944
      ],
      [
        0.0,
        0.0,
        0.0,
        1.0
      ]
    ],
    [
      [
        0.45927610993385315,
        0.38862374424934387,
        -0.7987721562385559,
        -0.15746115148067474
      ],
      [
        0.19086116552352905,
        -0.9213915467262268,
        -0.3385404944419861,
        1.0345081090927124
      ],
      [
        -0.867546796798706,
        0.0030289641581475735,
        -0.49734628200531006,
        -0.0023882719688117504
      ],
      [
        0.0,
        0.0,
        0.0,
        1.0
      ]
    ],
    [
      [
        0.4572311043739319,
        0.38963499665260315,
        -0.7994523644447327,
        -0.15749233961105347
      ],
      [
        0.19270311295986176,
        -0.9209688901901245,
        -0.3386467397212982,
        1.034481167793274
      ],
      [
        -0.8682194352149963,
        0.0007828471716493368,
        -0.49617958068847656,
        -0.0019765011966228485
      ],
      [
        0.0,
        0.0,
        0.0,
        1.0
      ]
    ],
    [
      [
        0.45525750517845154,
        0.3890360891819,
        -0.8008691668510437,
        -0.15771760046482086
      ],
      [
        0.19381891191005707,
        -0.9212209582328796,
        -0.33732202649116516,
        1.0347017049789429
      ],
      [
        -0.8690078258514404,
        -0.0016552472952753305,
        -0.4947952628135681,
        -0.0016660626279190183
      ],
      [
        0.0,
        0.0,
        0.0,
        1.0
      ]
    ],
    [
      [
        0.4537343382835388,
        0.38812923431396484,
        -0.8021724224090576,
        -0.1581260710954666
      ],
      [
        0.1948496699333191,
        -0.9215962886810303,
        -0.33569902181625366,
        1.0349452495574951
      ],
      [
        -0.869573712348938,
        -0.003984878771007061,
        -0.4937868118286133,
        -0.001593812252394855
      ],
      [
        0.0,
        0.0,
        0.0,
        0.9999999403953552
      ]
    ],
    [
      [
        0.4522729218006134,
        0.3891732692718506,
        -0.8024919033050537,
        -0.15851330757141113
      ],
      [
        0.1960981786251068,
        -0.9211491942405701,
        -0.33619874715805054,
        1.0348385572433472
      ],
      [
        -0.870054304599762,
        -0.00531360087916255,
        -0.49292701482772827,
        -0.001722944201901555
      ],
      [
        0.0,
        0.0,
        0.0,
        1.0
      ]
    ],
    [
      [
        0.4506705403327942,
        0.3916440010070801,
        -0.8021911978721619,
        -0.15876255929470062
      ],
      [
        0.19610285758972168,
        -0.9201055765151978,
        -0.33904147148132324,
        1.0343893766403198
      ],
      [
        -0.870884358882904,
        -0.004516014363616705,
        -0.49146708846092224,
        -0.001901148003526032
      ],
      [
        0.0,
        0.0,
        0.0,
        1.0
      ]
    ],
    [
      [
        0.44977089762687683,
        0.3944541811943054,
        -0.8013187646865845,
        -0.15872392058372498
      ],
      [
        0.19449152052402496,
        -0.9189143776893616,
        -0.3431755006313324,
        1.0337836742401123
      ],
      [
        -0.8717104196548462,
        -0.0014993478544056416,
        -0.4900188744068146,
        -0.0021168827079236507
      ],
      [
        0.0,
        0.0,
        0.0,
        1.0
      ]
    ],
    [
      [
        0.45103681087493896,
        0.3957501947879791,
        -0.7999671101570129,
        -0.15840627253055573
      ],
      [
        0.1919417381286621,
        -0.9183546304702759,
        -0.3460969924926758,
        1.0334051847457886
      ],
      [
        -0.8716214895248413,
        0.002555397804826498,
        -0.49017271399497986,
        -0.0024346516001969576
      ],
      [
        0.0,
        0.0,
        0.0,
        1.0
      ]
    ],
    [
      [
        0.4543735980987549,
        0.39456260204315186,
        -0.798664391040802,
        -0.1579318344593048
      ],
      [
        0.19008342921733856,
        -0.9188537001609802,
        -0.3457978069782257,
        1.0335441827774048
      ],
      [
        -0.8702945709228516,
        0.0053084613755345345,
        -0.4925026595592499,
        -0.0028983333613723516
      ],
      [
        0.0,
        0.0,
        0.0,
        1.0
      ]
    ],
    [
      [
        0.45815107226371765,
        0.3910020589828491,
        -0.7982573509216309,
        -0.15749633312225342
      ],
      [
        0.1885700225830078,
        -0.9203672409057617,
        -0.3425861895084381,
        1.0341525077819824
      ],
      [
        -0.8686418533325195,
        0.006428826134651899,
        -0.495398610830307,
        -0.003344613825902343
      ],
      [
        0.0,
        0.0,
        0.0,
        0.9999999403953552
      ]
    ],
    [
      [
        0.46061426401138306,
        0.3872278034687042,
        -0.7986794114112854,
        -0.15709340572357178
      ],
      [
        0.1868792623281479,
        -0.9219574332237244,
        -0.33922040462493896,
        1.0348020792007446
      ],
      [
        -0.8677042126655579,
        0.006993141025304794,
        -0.4970315992832184,
        -0.003535857889801264
      ],
      [
        0.0,
        0.0,
        0.0,
        0.9999999403953552
      ]
    ],
    [
      [
        0.46164268255233765,
        0.38421016931533813,
        -0.7995424866676331,
        -0.15670615434646606
      ],
      [
        0.18515682220458984,
        -0.9232158064842224,
        -0.33673328161239624,
        1.0353009700775146
      ],
      [
        -0.8675267100334167,
        0.0074097695760428905,
        -0.4973350167274475,
        -0.0034688827581703663
      ],
      [
        0.0,
        0.0,
        0.0,
        1.0
      ]
    ],
    [
      [
        0.46242523193359375,
        0.3811119794845581,
        -0.8005724549293518,
        -0.15639223158359528
      ],
      [
        0.18341399729251862,
        -0.9244968295097351,
        -0.3341628909111023,
        1.0357927083969116
      ],
      [
        -0.8674802184104919,
        0.007689087186008692,
        -0.49741193652153015,
        -0.0032950937747955322
      ],
      [
        0.0,
        0.0,
        0.0,
        0.9999998807907104
      ]
    ],
    [
      [
        0.4640263020992279,
        0.37777549028396606,
        -0.8012272119522095,
        -0.15618525445461273
      ],
      [
        0.18199758231639862,
        -0.9258639812469482,
        -0.33113834261894226,
        1.0363142490386963
      ],
      [
        -0.8669235110282898,
        0.007835514843463898,
        -0.49837949872016907,
        -0.0031866279896348715
      ],
      [
        0.0,
        0.0,
        0.0,
        1.0
      ]
    ],
    [
      [
        0.4661017954349518,
        0.37435925006866455,
        -0.8016259670257568,
        -0.15617859363555908
      ],
      [
        0.18107230961322784,
        -0.9272524118423462,
        -0.3277431130409241,
        1.0368517637252808
      ],
      [
        -0.8660033941268921,
        0.00760938273742795,
        -0.4999801218509674,
        -0.0031627772841602564
      ],
      [
        0.0,
        0.0,
        0.0,
        1.0
      ]
    ],
    [
      [
        0.467658132314682,
        0.37130218744277954,
        -0.8021411299705505,
        -0.15647517144680023
      ],
      [
        0.18026968836784363,
        -0.928483784198761,
        -0.32468539476394653,
        1.0372987985610962
      ],
      [
        -0.8653314113616943,
        0.007240008562803268,
        -0.501147449016571,
        -0.0030919942073524
      ],
      [
        0.0,
        0.0,
        0.0,
        1.0
      ]
    ],
    [
      [
        0.4676070213317871,
        0.3695444166660309,
        -0.8029821515083313,
        -0.15710389614105225
      ],
      [
        0.17984509468078613,
        -0.9291897416114807,
        -0.32289642095565796,
        1.0375078916549683
      ],
      [
        -0.8654473423957825,
        0.006576264277100563,
        -0.5009564757347107,
        -0.002920769155025482
      ],
      [
        0.0,
        0.0,
        0.0,
        0.9999999403953552
      ]
    ]
  ]
}