{
  "task": "assemble disassemble furniture bench lamp",
  "instruction": "assemble disassemble furniture bench lamp",
  "right_hand_xyzrpy": [
    [
      -0.11256732791662216,
      0.8384417295455933,
      -0.34128883481025696,
      -0.10404887250293911,
      -0.46911502007629824,
      -1.0166048499970182
    ],
    [
      -0.11256732791662216,
      0.8384417295455933,
      -0.34128883481025696,
      -0.10404887250293911,
      -0.46911502007629824,
      -1.0166048499970182
    ],
    [
      -0.11251507699489594,
      0.8385835886001587,
      -0.3412901759147644,
      -0.11591568855228093,
      -0.47075980314367627,
      -0.9944210080728864
    ],
    [
      -0.11244569718837738,
      0.8387333154678345,
      -0.34127771854400635,
      -0.13124143790279688,
      -0.47473396915235583,
      -0.9540847457199092
    ],
    [
      -0.11236204952001572,
      0.8388649821281433,
      -0.341249018907547,
      -0.15576674236502575,
      -0.4787580389238656,
      -0.8955374099865734
    ],
    [
      -0.11226688325405121,
      0.8389761447906494,
      -0.34121790528297424,
      -0.19937038113208702,
      -0.4879114168542446,
      -0.8263506996765102
    ],
    [
      -0.11218256503343582,
      0.8390554189682007,
      -0.34115564823150635,
      -0.2444333499343301,
      -0.4978840586552253,
      -0.7611448895716263
    ],
    [
      -0.11214083433151245,
      0.8390983939170837,
      -0.3410642445087433,
      -0.282791142661147,
      -0.5074486455628061,
      -0.6946583528003883
    ],
    [
      -0.11211435496807098,
      0.8391513824462891,
      -0.34096646308898926,
      -0.31848333262259865,
      -0.5219223770950104,
      -0.6234676741658398
    ],
    [
      -0.11211181432008743,
      0.8391976356506348,
      -0.34085312485694885,
      -0.3537869159994524,
      -0.5371341679068208,
      -0.5583197667708771
    ],
    [
      -0.11211779713630676,
      0.8392205834388733,
      -0.34073323011398315,
      -0.38402335723945924,
      -0.5466344817151916,
      -0.5067653883619722
    ],
    [
      -0.11214645206928253,
      0.8392331004142761,
      -0.34062039852142334,
      -0.4160299310685795,
      -0.5602782189603452,
      -0.4604972732709882
    ],
    [
      -0.11218008399009705,
      0.8392239809036255,
      -0.34054064750671387,
      -0.4718089343523248,
      -0.5803316735135013,
      -0.4030388902352748
    ],
    [
      -0.11221189051866531,
      0.8391963243484497,
      -0.34045132994651794,
      -0.5304326545483692,
      -0.5939629075633374,
      -0.3549529517062249
    ],
    [
      -0.11224295943975449,
      0.83915114402771,
      -0.3404284715652466,
      -0.5722150140292449,
      -0.6004403302373144,
      -0.330089982648038
    ],
    [
      -0.1122615858912468,
      0.8390995860099792,
      -0.3404088616371155,
      -0.5943898310507617,
      -0.6051465217158509,
      -0.32321630065251516
    ],
    [
      -0.11227066069841385,
      0.839065432548523,
      -0.3403727114200592,
      -0.6034702876521427,
      -0.6083173711198474,
      -0.3230342611178369
    ],
    [
      -0.11227478086948395,
      0.83904629945755,
      -0.34036242961883545,
      -0.5993081716717199,
      -0.6078062605273339,
      -0.33064550078144095
    ],
    [
      -0.11219163984060287,
      0.8391307592391968,
      -0.34029054641723633,
      -0.5679250236269755,
      -0.6008585178196926,
      -0.36587708207966735
    ],
    [
      -0.11078736931085587,
      0.8439271450042725,
      -0.3389752209186554,
      -0.4919850783366357,
      -0.5826064969559865,
      -0.44620457505731437
    ],
    [
      -0.10788679867982864,
      0.8530492186546326,
      -0.3374069631099701,
      -0.38582627807346453,
      -0.5542343078131212,
      -0.5613936947289352
    ],
    [
      -0.106246218085289,
      0.8582255244255066,
      -0.3371131122112274,
      -0.30402042572954097,
      -0.5295092370404141,
      -0.6527162442738331
    ],
    [
      -0.102462038397789,
      0.8663223385810852,
      -0.3379920423030853,
      -0.20811441234719857,
      -0.49927583203628884,
      -0.7568774064006776
    ],
    [
      -0.09420116245746613,
      0.8812562227249146,
      -0.3394264280796051,
      -0.07756465827994177,
      -0.4512789608167395,
      -0.907606113757957
    ],
    [
      -0.0860183984041214,
      0.8915871381759644,
      -0.3402949273586273,
      0.03706272459520715,
      -0.41402522385210005,
      -1.027654974539773
    ],
    [
      -0.07842864096164703,
      0.8983127474784851,
      -0.3425405025482178,
      0.12021333887229313,
      -0.39993912890985184,
      -1.1062433936892209
    ],
    [
      -0.07030901312828064,
      0.9035223722457886,
      -0.34601059556007385,
      0.17316636164827084,
      -0.4044117237640619,
      -1.1611669848891026
    ],
    [
      -0.06264545768499374,
      0.9063231945037842,
      -0.3505120873451233,
      0.20989600389446383,
      -0.42320440106391877,
      -1.1990971461497673
    ],
    [
      -0.05561531335115433,
      0.9072775840759277,
      -0.3547537922859192,
      0.23955039157794425,
      -0.4536828565217286,
      -1.2266990230003632
    ],
    [
      -0.05014779791235924,
      0.9070766568183899,
      -0.3591579496860504,
      0.2716630226685082,
      -0.4946787866566419,
      -1.2508202577113583
    ],
    [
      -0.04599371552467346,
      0.9065197706222534,
      -0.36358585953712463,
      0.301159989723579,
      -0.5419555939774053,
      -1.271551165444093
    ],
    [
      -0.042575255036354065,
      0.9055006504058838,
      -0.3675115704536438,
      0.31739733518794294,
      -0.5872084430339768,
      -1.2829070429713425
    ],
    [
      -0.04016255959868431,
      0.9037158489227295,
      -0.37062516808509827,
      0.31983298290106227,
      -0.6354571569305035,
      -1.280873920976836
    ],
    [
      -0.03938744217157364,
      0.9015868306159973,
      -0.3738367259502411,
      0.31566838947870673,
      -0.6888471065755375,
      -1.2719199124484544
    ],
    [
      -0.03952043130993843,
      0.8989448547363281,
      -0.37655752897262573,
      0.3055189569084573,
      -0.7376762140792211,
      -1.2576369795712312
    ],
    [
      -0.04026106745004654,
      0.89602130651474,
      -0.3783891499042511,
      0.2935612598838966,
      -0.7821891709201763,
      -1.2370343610063794
    ],
    [
      -0.04139082878828049,
      0.8932684659957886,
      -0.3799809515476227,
      0.28226372154280394,
      -0.8191799252470712,
      -1.2148595397511248
    ],
    [
      -0.04235786944627762,
      0.8900577425956726,
      -0.3822212517261505,
      0.2754384905079226,
      -0.842639188534841,
      -1.2001795158996589
    ],
    [
      -0.04280620440840721,
      0.8869856595993042,
      -0.38465049862861633,
      0.27301879162576453,
      -0.8532026636364085,
      -1.1944170329530586
    ],
    [
      -0.04330659657716751,
      0.8840130567550659,
      -0.3867168426513672,
      0.2710862031389889,
      -0.8574205292804666,
      -1.1913351248793127
    ],
    [
      -0.04407826066017151,
      0.8809886574745178,
      -0.38850122690200806,
      0.26897861699358255,
      -0.8596443871879398,
      -1.1885854238431866
    ],
    [
      -0.044780027121305466,
      0.8783648610115051,
      -0.3901761472225189,
      0.2679038415296119,
      -0.8610021862511918,
      -1.1871693422732776
    ],
    [
      -0.04528166353702545,
      0.876115083694458,
      -0.3916020393371582,
      0.2669286289444787,
      -0.8616877034867988,
      -1.1860787399253085
    ],
    [
      -0.045368779450654984,
      0.8743546605110168,
      -0.3929620087146759,
      0.2665775099209699,
      -0.8622065974511481,
      -1.185589539646059
    ],
    [
      -0.04531969130039215,
      0.8730104565620422,
      -0.39403191208839417,
      0.2655359590091868,
      -0.8623410648361228,
      -1.1846086844987773
    ],
    [
      -0.045210834592580795,
      0.8719663023948669,
      -0.39490434527397156,
      0.2640499387387871,
      -0.8626839239262318,
      -1.1828419943863542
    ],
    [
      -0.04510479420423508,
      0.8711759448051453,
      -0.39557307958602905,
      0.2622040875575772,
      -0.8634467326990075,
      -1.1806618742746788
    ],
    [
      -0.04506918042898178,
      0.8706941604614258,
      -0.39595210552215576,
      0.25983352361362677,
      -0.8643608907103967,
      -1.17790167697953
    ],
    [
      -0.04504409432411194,
      0.8704686760902405,
      -0.3960433900356293,
      0.24374730265397768,
      -0.8821989205222361,
      -1.1571918463203752
    ],
    [
      -0.045022547245025635,
      0.8702600002288818,
      -0.3961242735385895,
      0.22181853858213263,
      -0.9058525587018006,
      -1.12944899946481
    ],
    [
      -0.04498111829161644,
      0.8700686693191528,
      -0.39620500802993774,
      0.20737043149586498,
      -0.9202825964793803,
      -1.1115389991171476
    ]
  ],
  "left_hand_xyzrpy": [
    [
      -0.03863910213112831,
      0.7812262773513794,
      -0.23208555579185486,
      2.56834383350057,
      0.19562910729211253,
      -0.13510586316805884
    ],
    [
      -0.03863910213112831,
      0.7812262773513794,
      -0.23208555579185486,
      2.56834383350057,
      0.19562910729211253,
      -0.13510586316805884
    ],
    [
      -0.03864523023366928,
      0.7812625765800476,
      -0.23210905492305756,
      2.5687453588555567,
      0.1956872128927496,
      -0.1351599711308929
    ],
    [
      -0.03861144185066223,
      0.7813056111335754,
      -0.23206602036952972,
      2.5690995969082913,
      0.19548547919420114,
      -0.13517806217679404
    ],
    [
      -0.03856629133224487,
      0.7813303470611572,
      -0.2320609986782074,
      2.569326846346492,
      0.19521102492858033,
      -0.1352786752470272
    ],
    [
      -0.03853273391723633,
      0.7813513278961182,
      -0.23208974301815033,
      2.5695114637451044,
      0.19413270404567926,
      -0.13451674002033207
    ],
    [
      -0.03847966715693474,
      0.7813698649406433,
      -0.23211345076560974,
      2.569674447271926,
      0.19282525909158005,
      -0.13388819087936765
    ],
    [
      -0.03843773528933525,
      0.781427800655365,
      -0.23216551542282104,
      2.5698436536751883,
      0.19143545501882597,
      -0.13324245363827847
    ],
    [
      -0.03840174525976181,
      0.7814715504646301,
      -0.23217251896858215,
      2.5696816881817,
      0.18614866537644367,
      -0.1324312302531012
    ],
    [
      -0.03838321566581726,
      0.7815417051315308,
      -0.2321692407131195,
      2.5694923728460823,
      0.18144688899679426,
      -0.13180044257973839
    ],
    [
      -0.03831692412495613,
      0.7816540598869324,
      -0.2321726381778717,
      2.569433997569608,
      0.17811620230378858,
      -0.13142777480548248
    ],
    [
      -0.03829941898584366,
      0.7817308902740479,
      -0.2321845442056656,
      2.569408436208368,
      0.17569921035679106,
      -0.13133445710502328
    ],
    [
      -0.03828348219394684,
      0.7818297147750854,
      -0.23223084211349487,
      2.569586962006244,
      0.1737929305127219,
      -0.13113051569320547
    ],
    [
      -0.03824854642152786,
      0.7819032073020935,
      -0.23222774267196655,
      2.5699269585866014,
      0.1721677402182368,
      -0.13094815118353376
    ],
    [
      -0.03822700306773186,
      0.781972348690033,
      -0.23226821422576904,
      2.5702356146677374,
      0.1707810562792475,
      -0.13090153669521812
    ],
    [
      -0.03822912275791168,
      0.7820401787757874,
      -0.23228725790977478,
      2.570574343218076,
      0.1700292970509365,
      -0.1309324364796829
    ],
    [
      -0.038201622664928436,
      0.782038152217865,
      -0.23230136930942535,
      2.570830140191883,
      0.16969107562867453,
      -0.13089925944084338
    ],
    [
      -0.038222990930080414,
      0.7820735573768616,
      -0.2323158234357834,
      2.5710882948483573,
      0.16896962925502448,
      -0.1308485786157339
    ],
    [
      -0.038200512528419495,
      0.7821012735366821,
      -0.2323414534330368,
      2.571125631789617,
      0.16828305042591674,
      -0.13117820954313847
    ],
    [
      -0.03824181854724884,
      0.7820681929588318,
      -0.23229260742664337,
      2.5708813428902126,
      0.16777960213614213,
      -0.13210121289989685
    ],
    [
      -0.038268283009529114,
      0.7820509672164917,
      -0.23231089115142822,
      2.570661513337759,
      0.16789978498512717,
      -0.13324331278350832
    ],
    [
      -0.038300540298223495,
      0.7820290923118591,
      -0.23231671750545502,
      2.570627023425314,
      0.16818108771649395,
      -0.1342356731069144
    ],
    [
      -0.03836129233241081,
      0.7819997668266296,
      -0.23227407038211823,
      2.570486961822704,
      0.1689771723639456,
      -0.13536238021787447
    ],
    [
      -0.03850546106696129,
      0.7819742560386658,
      -0.23213323950767517,
      2.5697594922459692,
      0.17085949015571678,
      -0.13696603665544127
    ],
    [
      -0.038581617176532745,
      0.781997799873352,
      -0.2320312112569809,
      2.56882907534988,
      0.17304277485886474,
      -0.1387143074762272
    ],
    [
      -0.038689881563186646,
      0.7819396257400513,
      -0.23191533982753754,
      2.567347003724331,
      0.1753553122365083,
      -0.14054593083413006
    ],
    [
      -0.0387851782143116,
      0.781859815120697,
      -0.23179806768894196,
      2.5656603210833206,
      0.1776441202068865,
      -0.14226619730345863
    ],
    [
      -0.038841959089040756,
      0.7817996740341187,
      -0.2316843718290329,
      2.563458352444315,
      0.17997494433250133,
      -0.14371477419075346
    ],
    [
      -0.03910466656088829,
      0.7815744876861572,
      -0.231377512216568,
      2.5608525490394296,
      0.1820083871708248,
      -0.14532893937495123
    ],
    [
      -0.03944738954305649,
      0.7813095450401306,
      -0.23097950220108032,
      2.558080194758205,
      0.18424179008099326,
      -0.14703352484525345
    ],
    [
      -0.039676375687122345,
      0.7811604142189026,
      -0.2305884212255478,
      2.555442556396524,
      0.18692721199152523,
      -0.1488782315141629
    ],
    [
      -0.0399140827357769,
      0.7810505628585815,
      -0.2302258014678955,
      2.5527267241713827,
      0.190072959770022,
      -0.15085019002701777
    ],
    [
      -0.0401914156973362,
      0.7810569405555725,
      -0.2297694981098175,
      2.5502789812859112,
      0.19300195657826533,
      -0.1529847460486094
    ],
    [
      -0.0404517687857151,
      0.7810487151145935,
      -0.22939468920230865,
      2.5473232156164416,
      0.1961357954806295,
      -0.15554949898486997
    ],
    [
      -0.0408620685338974,
      0.7810732126235962,
      -0.2288024127483368,
      2.544461266868548,
      0.1988217651752849,
      -0.15796024088529198
    ],
    [
      -0.04112900793552399,
      0.7810856103897095,
      -0.2283884435892105,
      2.541101623390414,
      0.20198351712250726,
      -0.16079451970190087
    ],
    [
      -0.04129974544048309,
      0.7811024785041809,
      -0.228108748793602,
      2.5376243768021696,
      0.20535679926235414,
      -0.16387097995822955
    ],
    [
      -0.041330814361572266,
      0.781100332736969,
      -0.2280319631099701,
      2.534198887306278,
      0.2088821535288603,
      -0.16699863306922874
    ],
    [
      -0.04141470417380333,
      0.7811259031295776,
      -0.22793030738830566,
      2.531205001353969,
      0.21210230680999753,
      -0.16985221406911916
    ],
    [
      -0.041515450924634933,
      0.7811506390571594,
      -0.22777169942855835,
      2.528489264191212,
      0.21529400485557545,
      -0.1726607533689203
    ],
    [
      -0.04164102301001549,
      0.7811511158943176,
      -0.2276533544063568,
      2.5257935744811726,
      0.2183624634867492,
      -0.17526869309502138
    ],
    [
      -0.041709478944540024,
      0.7811128497123718,
      -0.22749535739421844,
      2.5230650226829403,
      0.22118863399664968,
      -0.1777414846733954
    ],
    [
      -0.04176494851708412,
      0.7810667753219604,
      -0.22742652893066406,
      2.520383076545292,
      0.2241486185953392,
      -0.18008334667054557
    ],
    [
      -0.04184336960315704,
      0.781079113483429,
      -0.22732312977313995,
      2.518013647666865,
      0.22682742954690807,
      -0.18212005395264286
    ],
    [
      -0.04191101714968681,
      0.7810811996459961,
      -0.2272385209798813,
      2.5157407359170443,
      0.2295920771580015,
      -0.18421520360609095
    ],
    [
      -0.041941653937101364,
      0.7810279726982117,
      -0.22718292474746704,
      2.513237253521809,
      0.2322396569596184,
      -0.18632182288311946
    ],
    [
      -0.0419454462826252,
      0.7809990048408508,
      -0.2271522730588913,
      2.5109305178128336,
      0.2348784154789471,
      -0.18831315744867316
    ],
    [
      -0.042029526084661484,
      0.7809969782829285,
      -0.2270641326904297,
      2.5088576786066783,
      0.23743769192042113,
      -0.1901360524497771
    ],
    [
      -0.042097803205251694,
      0.7809777855873108,
      -0.22694960236549377,
      2.506880878891867,
      0.23987314486790035,
      -0.19212741496656446
    ],
    [
      -0.04215577244758606,
      0.7809534668922424,
      -0.22687123715877533,
      2.5048354620329367,
      0.24235912231006188,
      -0.1942670553574532
    ],
    [
      -0.04220842197537422,
      0.7809289693832397,
      -0.22679154574871063,
      2.5027672123525155,
      0.2446837776216469,
      -0.19634580818599218
    ]
  ],
  "instrinsic": [
    [
      736.6339111328125,
      0.0,
      960.0
    ],
    [
      0.0,
      736.6339111328125,
      540.0
    ],
    [
      0.0,
      0.0,
      1.0
    ]
  ],
  "extrinsics": [
    [
      [
        0.9655181765556335,
        0.17686426639556885,
        -0.19103361666202545,
        -0.11105670034885406
      ],
      [
        0.1178506538271904,
        -0.9512408375740051,
        -0.285047322511673,
        1.0699560642242432
      ],
      [
        -0.2321336716413498,
        0.2527048587799072,
        -0.9392839074134827,
        -0.13332566618919373
      ],
      [
        0.0,
        0.0,
        0.0,
        1.0
      ]
    ],
    [
      [
        0.9655181765556335,
        0.17686426639556885,
        -0.19103361666202545,
        -0.11105670034885406
      ],
      [
        0.1178506538271904,
        -0.9512408375740051,
        -0.285047322511673,
        1.0699560642242432
      ],
      [
        -0.2321336716413498,
        0.2527048587799072,
        -0.9392839074134827,
        -0.13332566618919373
      ],
      [
        0.0,
        0.0,
        0.0,
        1.0
      ]
    ],
    [
      [
        0.9653551578521729,
        0.17716273665428162,
        -0.1915791779756546,
        -0.11107183247804642
      ],
      [
        0.11792898923158646,
        -0.9511451721191406,
        -0.28533419966697693,
        1.069863200187683
      ],
      [
        -0.2327701896429062,
        0.25285613536834717,
        -0.9390857219696045,
        -0.13327164947986603
      ],
      [
        0.0,
        0.0,
        0.0,
        0.9999998807907104
      ]
    ],
    [
      [
        0.965357780456543,
        0.17705969512462616,
        -0.19166189432144165,
        -0.11099094897508621
      ],
      [
        0.11775685101747513,
        -0.9511075019836426,
        -0.28553053736686707,
        1.069824457168579
      ],
      [
        -0.23284702003002167,
        0.253069669008255,
        -0.9390091300010681,
        -0.13324512541294098
      ],
      [
        0.0,
        0.0,
        0.0,
        1.0
      ]
    ],
    [
      [
        0.9654689431190491,
        0.17693746089935303,
        -0.1912146806716919,
        -0.11083926260471344
      ],
      [
        0.11777769774198532,
        -0.9511322379112244,
        -0.2854396402835846,
        1.069839358329773
      ],
      [
        -0.232375368475914,
        0.25306224822998047,
        -0.9391279816627502,
        -0.13326813280582428
      ],
      [
        0.0,
        0.0,
        0.0,
        1.0
      ]
    ],
    [
      [
        0.9655840396881104,
        0.17672745883464813,
        -0.1908269077539444,
        -0.11069002002477646
      ],
      [
        0.1177426427602768,
        -0.9512202143669128,
        -0.2851606607437134,
        1.0698680877685547
      ],
      [
        -0.231914222240448,
        0.2528781592845917,
        -0.9392914772033691,
        -0.1333269625902176
      ],
      [
        0.0,
        0.0,
        0.0,
        1.0
      ]
    ],
    [
      [
        0.9656408429145813,
        0.17660580575466156,
        -0.1906518042087555,
        -0.11056423932313919
      ],
      [
        0.11760439723730087,
        -0.9511585235595703,
        -0.28542360663414,
        1.0698093175888062
      ],
      [
        -0.231747567653656,
        0.253195196390152,
        -0.939247190952301,
        -0.1333640217781067
      ],
      [
        0.0,
        0.0,
        0.0,
        1.0
      ]
    ],
    [
      [
        0.9656779766082764,
        0.17642322182655334,
        -0.1906326860189438,
        -0.11046131700277328
      ],
      [
        0.11725615710020065,
        -0.9509903788566589,
        -0.2861267030239105,
        1.0696748495101929
      ],
      [
        -0.23176923394203186,
        0.25395336747169495,
        -0.9390372633934021,
        -0.13337048888206482
      ],
      [
        0.0,
        0.0,
        0.0,
        1.0
      ]
    ],
    [
      [
        0.9657169580459595,
        0.1760631948709488,
        -0.19076842069625854,
        -0.11040542274713516
      ],
      [
        0.11669943481683731,
        -0.9508562088012695,
        -0.2867989242076874,
        1.0695571899414062
      ],
      [
        -0.2318880558013916,
        0.2547040283679962,
        -0.9388045072555542,
        -0.13338476419448853
      ],
      [
        0.0,
        0.0,
        0.0,
        1.0
      ]
    ],
    [
      [
        0.9658095240592957,
        0.17540158331394196,
        -0.19090892374515533,
        -0.11039106547832489
      ],
      [
        0.11595964431762695,
        -0.9508845210075378,
        -0.2870049476623535,
        1.0695375204086304
      ],
      [
        -0.2318734973669052,
        0.255054235458374,
        -0.9387129545211792,
        -0.13345065712928772
      ],
      [
        0.0,
        0.0,
        0.0,
        0.9999999403953552
      ]
    ],
    [
      [
        0.9659687876701355,
        0.17474259436130524,
        -0.19070711731910706,
        -0.11037425696849823
      ],
      [
        0.11532393097877502,
        -0.950911819934845,
        -0.2871706187725067,
        1.0695362091064453
      ],
      [
        -0.23152658343315125,
        0.25540482997894287,
        -0.9387032985687256,
        -0.13354715704917908
      ],
      [
        0.0,
        0.0,
        0.0,
        1.0
      ]
    ],
    [
      [
        0.966077446937561,
        0.17451107501983643,
        -0.19036880135536194,
        -0.1103631854057312
      ],
      [
        0.11506390571594238,
        -0.9507927298545837,
        -0.2876690626144409,
        1.0694855451583862
      ],
      [
        -0.23120269179344177,
        0.25600600242614746,
        -0.9386193752288818,
        -0.13364633917808533
      ],
      [
        0.0,
        0.0,
        0.0,
        1.0
      ]
    ],
    [
      [
        0.9660532474517822,
        0.17464953660964966,
        -0.19036515057086945,
        -0.11040417104959488
      ],
      [
        0.11509890854358673,
        -0.9506627917289734,
        -0.2880840599536896,
        1.0694116353988647
      ],
      [
        -0.23128685355186462,
        0.256393700838089,
        -0.9384928345680237,
        -0.1337480992078781
      ],
      [
        0.0,
        0.0,
        0.0,
        1.0
      ]
    ],
    [
      [
        0.9658871293067932,
        0.17505483329296112,
        -0.19083429872989655,
        -0.11049328744411469
      ],
      [
        0.11524412035942078,
        -0.9504886269569397,
        -0.28860023617744446,
        1.0692925453186035
      ],
      [
        -0.2319067120552063,
        0.2567627429962158,
        -0.9382388591766357,
        -0.13382583856582642
      ],
      [
        0.0,
        0.0,
        0.0,
        0.9999999403953552
      ]
    ],
    [
      [
        0.9656807780265808,
        0.1755119264125824,
        -0.19145800173282623,
        -0.11058482527732849
      ],
      [
        0.11530265212059021,
        -0.950207531452179,
        -0.28950071334838867,
        1.069136619567871
      ],
      [
        -0.23273567855358124,
        0.25748971104621887,
        -0.9378343224525452,
        -0.13385407626628876
      ],
      [
        0.0,
        0.0,
        0.0,
        0.9999999403953552
      ]
    ],
    [
      [
        0.965461790561676,
        0.1760430932044983,
        -0.19207389652729034,
        -0.11067956686019897
      ],
      [
        0.11553425341844559,
        -0.9500266313552856,
        -0.290001779794693,
        1.0690665245056152
      ],
      [
        -0.23352812230587006,
        0.25779446959495544,
        -0.9375535845756531,
        -0.13391169905662537
      ],
      [
        0.0,
        0.0,
        0.0,
        1.0000001192092896
      ]
    ],
    [
      [
        0.9652932286262512,
        0.1763291358947754,
        -0.19265754520893097,
        -0.1108035072684288
      ],
      [
        0.11564098298549652,
        -0.9499931335449219,
        -0.2900693118572235,
        1.0690428018569946
      ],
      [
        -0.23417097330093384,
        0.25772279500961304,
        -0.9374128580093384,
        -0.13401180505752563
      ],
      [
        0.0,
        0.0,
        0.0,
        0.9999999403953552
      ]
    ],
    [
      [
        0.9653549194335938,
        0.175827294588089,
        -0.19280748069286346,
        -0.1109827309846878
      ],
      [
        0.11499962210655212,
        -0.9499402046203613,
        -0.29049691557884216,
        1.068951964378357
      ],
      [
        -0.23423290252685547,
        0.2582598328590393,
        -0.9372496008872986,
        -0.13411031663417816
      ],
      [
        0.0,
        0.0,
        0.0,
        0.9999999403953552
      ]
    ],
    [
      [
        0.9652709364891052,
        0.17591580748558044,
        -0.19314666092395782,
        -0.11134375631809235
      ],
      [
        0.11495820432901382,
        -0.9499006271362305,
        -0.29064300656318665,
        1.068902611732483
      ],
      [
        -0.23459886014461517,
        0.25834545493125916,
        -0.9371345639228821,
        -0.13430315256118774
      ],
      [
        0.0,
        0.0,
        0.0,
        1.0
      ]
    ],
    [
      [
        0.964715301990509,
        0.1773124486207962,
        -0.19463996589183807,
        -0.11196749657392502
      ],
      [
        0.11588165163993835,
        -0.9497321248054504,
        -0.29082709550857544,
        1.0688188076019287
      ],
      [
        -0.2364230901002884,
        0.25801005959510803,
        -0.9367683529853821,
        -0.13454388082027435
      ],
      [
        0.0,
        0.0,
        0.0,
        1.0000001192092896
      ]
    ],
    [
      [
        0.9639183282852173,
        0.17909888923168182,
        -0.1969388872385025,
        -0.1127673089504242
      ],
      [
        0.11665704846382141,
        -0.9492033123970032,
        -0.29224005341529846,
        1.0685096979141235
      ],
      [
        -0.23927490413188934,
        0.25872117280960083,
        -0.9358476996421814,
        -0.13465823233127594
      ],
      [
        0.0,
        0.0,
        0.0,
        1.0000001192092896
      ]
    ],
    [
      [
        0.9630707502365112,
        0.18187743425369263,
        -0.19853295385837555,
        -0.11350508779287338
      ],
      [
        0.11835412681102753,
        -0.9482673406600952,
        -0.29458627104759216,
        1.0680277347564697
      ],
      [
        -0.24184097349643707,
        0.26021021604537964,
        -0.9347745776176453,
        -0.13463318347930908
      ],
      [
        0.0,
        0.0,
        0.0,
        1.0
      ]
    ],
    [
      [
        0.9623537659645081,
        0.18499816954135895,
        -0.19912515580654144,
        -0.1141316145658493
      ],
      [
        0.12083369493484497,
        -0.9474380016326904,
        -0.2962436378002167,
        1.0676277875900269
      ],
      [
        -0.24346330761909485,
        0.2610301971435547,
        -0.9341246485710144,
        -0.13456596434116364
      ],
      [
        0.0,
        0.0,
        0.0,
        1.0
      ]
    ],
    [
      [
        0.9617248773574829,
        0.1878514140844345,
        -0.1994914561510086,
        -0.11471592634916306
      ],
      [
        0.12341807037591934,
        -0.9469561576843262,
        -0.2967185974121094,
        1.067399263381958
      ],
      [
        -0.24464870989322662,
        0.26074081659317017,
        -0.9338956475257874,
        -0.13445289433002472
      ],
      [
        0.0,
        0.0,
        0.0,
        0.9999998807907104
      ]
    ],
    [
      [
        0.9609529972076416,
        0.19069083034992218,
        -0.20051470398902893,
        -0.11528068780899048
      ],
      [
        0.12603037059307098,
        -0.9467267990112305,
        -0.29635167121887207,
        1.0672993659973145
      ],
      [
        -0.24634425342082977,
        0.25950905680656433,
        -0.9337930679321289,
        -0.1342633217573166
      ],
      [
        0.0,
        0.0,
        0.0,
        1.0
      ]
    ],
    [
      [
        0.960044801235199,
        0.19336645305156708,
        -0.20229503512382507,
        -0.1157676950097084
      ],
      [
        0.12838368117809296,
        -0.9466492533683777,
        -0.29558882117271423,
        1.067291259765625
      ],
      [
        -0.2486594021320343,
        0.2578071355819702,
        -0.9336509704589844,
        -0.13402380049228668
      ],
      [
        0.0,
        0.0,
        0.0,
        1.0
      ]
    ],
    [
      [
        0.9592136740684509,
        0.19559869170188904,
        -0.2040838897228241,
        -0.1160377487540245
      ],
      [
        0.13027404248714447,
        -0.94659423828125,
        -0.2949374318122864,
        1.0673476457595825
      ],
      [
        -0.25087398290634155,
        0.25632116198539734,
        -0.9334675669670105,
        -0.13376043736934662
      ],
      [
        0.0,
        0.0,
        0.0,
        1.0
      ]
    ],
    [
      [
        0.9587157964706421,
        0.19679680466651917,
        -0.20526812970638275,
        -0.11603763699531555
      ],
      [
        0.13132883608341217,
        -0.9466705322265625,
        -0.294223427772522,
        1.0674957036972046
      ],
      [
        -0.25222355127334595,
        0.2551190257072449,
        -0.9334331750869751,
        -0.13353221118450165
      ],
      [
        0.0,
        0.0,
        0.0,
        1.0
      ]
    ],
    [
      [
        0.9588015675544739,
        0.19644422829151154,
        -0.20520493388175964,
        -0.11575113981962204
      ],
      [
        0.13118776679039001,
        -0.9469084739685059,
        -0.2935197651386261,
        1.0676971673965454
      ],
      [
        -0.25197064876556396,
        0.25450679659843445,
        -0.9336686134338379,
        -0.13338389992713928
      ],
      [
        0.0,
        0.0,
        0.0,
        0.9999998807907104
      ]
    ],
    [
      [
        0.959515392780304,
        0.1950121372938156,
        -0.20322465896606445,
        -0.11516430228948593
      ],
      [
        0.13043412566184998,
        -0.9471595287322998,
        -0.29304540157318115,
        1.0678929090499878
      ],
      [
        -0.2496335655450821,
        0.25467416644096375,
        -0.9342505931854248,
        -0.13328418135643005
      ],
      [
        0.0,
        0.0,
        0.0,
        1.0
      ]
    ],
    [
      [
        0.9604678153991699,
        0.1933918446302414,
        -0.20025262236595154,
        -0.1143890842795372
      ],
      [
        0.12983088195323944,
        -0.9474711418151855,
        -0.29230502247810364,
        1.0681126117706299
      ],
      [
        -0.24626296758651733,
        0.2547505795955658,
        -0.9351239800453186,
        -0.1332496553659439
      ],
      [
        0.0,
        0.0,
        0.0,
        1.0
      ]
    ],
    [
      [
        0.9614185690879822,
        0.1911802738904953,
        -0.19779953360557556,
        -0.11362279951572418
      ],
      [
        0.12853914499282837,
        -0.9479186534881592,
        -0.2914237082004547,
        1.0683420896530151
      ],
      [
        -0.24321234226226807,
        0.2547551989555359,
        -0.935920774936676,
        -0.13319484889507294
      ],
      [
        0.0,
        0.0,
        0.0,
        1.0
      ]
    ],
    [
      [
        0.9622660875320435,
        0.18847446143627167,
        -0.19626840949058533,
        -0.11297042667865753
      ],
      [
        0.12650828063488007,
        -0.9484599232673645,
        -0.29055026173591614,
        1.0685739517211914
      ],
      [
        -0.24091407656669617,
        0.2547570765018463,
        -0.9365143775939941,
        -0.13307544589042664
      ],
      [
        0.0,
        0.0,
        0.0,
        0.9999999403953552
      ]
    ],
    [
      [
        0.9630782008171082,
        0.18559466302394867,
        -0.1950259804725647,
        -0.11239420622587204
      ],
      [
        0.12424026429653168,
        -0.9490427374839783,
        -0.2896242141723633,
        1.0688230991363525
      ],
      [
        -0.23884068429470062,
        0.25470054149627686,
        -0.9370607733726501,
        -0.13290147483348846
      ],
      [
        0.0,
        0.0,
        0.0,
        1.0
      ]
    ],
    [
      [
        0.9639773368835449,
        0.18255051970481873,
        -0.19344981014728546,
        -0.11185625940561295
      ],
      [
        0.12193553894758224,
        -0.9496692419052124,
        -0.28854790329933167,
        1.0690839290618896
      ],
      [
        -0.23638790845870972,
        0.2545652687549591,
        -0.9377192854881287,
        -0.13270127773284912
      ],
      [
        0.0,
        0.0,
        0.0,
        0.9999999403953552
      ]
    ],
    [
      [
        0.9648842215538025,
        0.17969126999378204,
        -0.19159743189811707,
        -0.11140729486942291
      ],
      [
        0.12000776082277298,
        -0.9503912925720215,
        -0.2869742214679718,
        1.0693995952606201
      ],
      [
        -0.23365934193134308,
        0.25390368700027466,
        -0.9385820627212524,
        -0.1325334757566452
      ],
      [
        0.0,
        0.0,
        0.0,
        1.0
      ]
    ],
    [
      [
        0.9656404852867126,
        0.1773127019405365,
        -0.18999642133712769,
        -0.11111520230770111
      ],
      [
        0.11854860931634903,
        -0.9511313438415527,
        -0.28512319922447205,
        1.069732427597046
      ],
      [
        -0.2312675565481186,
        0.25280261039733887,
        -0.9394712448120117,
        -0.13238729536533356
      ],
      [
        0.0,
        0.0,
        0.0,
        1.0
      ]
    ],
    [
      [
        0.9661766290664673,
        0.1756107211112976,
        -0.188848078250885,
        -0.11099475622177124
      ],
      [
        0.11755392700433731,
        -0.9517157673835754,
        -0.28358060121536255,
        1.0699902772903442
      ],
      [
        -0.2295295149087906,
        0.2517891824245453,
        -0.9401693940162659,
        -0.13221915066242218
      ],
      [
        0.0,
        0.0,
        0.0,
        1.0
      ]
    ],
    [
      [
        0.966477632522583,
        0.17465758323669434,
        -0.18819086253643036,
        -0.11101718246936798
      ],
      [
        0.1170068010687828,
        -0.9520502686500549,
        -0.28268301486968994,
        1.070137619972229
      ],
      [
        -0.22853983938694,
        0.25118720531463623,
        -0.9405713677406311,
        -0.13202553987503052
      ],
      [
        0.0,
        0.0,
        0.0,
        0.9999999403953552
      ]
    ],
    [
      [
        0.9666255116462708,
        0.1742115169763565,
        -0.18784445524215698,
        -0.11113415658473969
      ],
      [
        0.1167815774679184,
        -0.952228307723999,
        -0.28217557072639465,
        1.070217490196228
      ],
      [
        -0.2280290722846985,
        0.25082138180732727,
        -0.940792977809906,
        -0.13183873891830444
      ],
      [
        0.0,
        0.0,
        0.0,
        0.9999999403953552
      ]
    ],
    [
      [
        0.9666512608528137,
        0.17425253987312317,
        -0.18767350912094116,
        -0.1112862080335617
      ],
      [
        0.1169879287481308,
        -0.9523510336875916,
        -0.2816757559776306,
        1.070286750793457
      ],
      [
        -0.22781378030776978,
        0.2503267228603363,
        -0.9409769177436829,
        -0.13170546293258667
      ],
      [
        0.0,
        0.0,
        0.0,
        1.0000001192092896
      ]
    ],
    [
      [
        0.9665906429290771,
        0.17457087337970734,
        -0.18768976628780365,
        -0.11142231523990631
      ],
      [
        0.11741386353969574,
        -0.9524408578872681,
        -0.28119444847106934,
        1.0703747272491455
      ],
      [
        -0.22785183787345886,
        0.24976247549057007,
        -0.9411174654960632,
        -0.1316559761762619
      ],
      [
        0.0,
        0.0,
        0.0,
        1.0
      ]
    ],
    [
      [
        0.9665236473083496,
        0.1747090220451355,
        -0.18790669739246368,
        -0.11152885109186172
      ],
      [
        0.11758115887641907,
        -0.9525272250175476,
        -0.28083178400993347,
        1.070460557937622
      ],
      [
        -0.22805006802082062,
        0.24933624267578125,
        -0.9411826729774475,
        -0.13168910145759583
      ],
      [
        0.0,
        0.0,
        0.0,
        1.0
      ]
    ],
    [
      [
        0.9664943814277649,
        0.17487354576587677,
        -0.18790344893932343,
        -0.11154820770025253
      ],
      [
        0.11759792268276215,
        -0.9523470997810364,
        -0.2814348638057709,
        1.0703989267349243
      ],
      [
        -0.22816485166549683,
        0.24990814924240112,
        -0.9410030245780945,
        -0.13169586658477783
      ],
      [
        0.0,
        0.0,
        0.0,
        0.9999998807907104
      ]
    ],
    [
      [
        0.966506838798523,
        0.17511850595474243,
        -0.18761181831359863,
        -0.11145216971635818
      ],
      [
        0.11770834028720856,
        -0.952080249786377,
        -0.2822902798652649,
        1.0702762603759766
      ],
      [
        -0.22805573046207428,
        0.25075197219848633,
        -0.9408050775527954,
        -0.1316942721605301
      ],
      [
        0.0,
        0.0,
        0.0,
        1.0000001192092896
      ]
    ],
    [
      [
        0.9666179418563843,
        0.17487409710884094,
        -0.187266543507576,
        -0.11129484325647354
      ],
      [
        0.11747241020202637,
        -0.9520041942596436,
